0.000000
0.129395
0.083008
0.056152
0.505371
0.480957
0.363770
0.000000
0.063477
0.407715
0.056152
0.263672
0.581055
0.336914
0.019531
0.000000
0.415039
0.524902
0.170898
0.134277
0.083008
0.185547
0.000000
0.043945
0.356445
0.449219
0.136719
0.144043
0.439453
0.202637
0.000000
0.063477
0.009766
0.151367
0.197754
0.405273
0.117188
0.000000
0.107422
0.270996
0.014648
0.124512
0.224609
0.378418
0.124512
0.000000
0.095215
0.515137
0.295410
0.173340
0.253906
0.456543
0.000000
0.290527
0.378418
0.280762
0.241699
0.109863
0.278320
0.014648
0.000000
0.078125
0.207520
0.163574
0.324707
0.229492
0.144043
0.000000
0.017090
0.222168
0.209961
0.058594
0.463867
0.644531
0.012207
0.000000
0.114746
0.168457
0.024414
0.046387
0.170898
0.402832
0.146484
0.000000
0.090332
0.200195
0.129395
0.004883
0.234375
0.241699
0.000000
0.014648
0.019531
0.029297
0.163574
0.334473
0.017090
0.078125
0.000000
0.117188
0.087891
0.065918
0.256348
0.095215
0.085449
0.000000
0.048828
0.056152
0.041504
0.007324
0.144043
0.383301
0.036621
0.000000
0.205078
0.073242
0.061035
0.185547
0.229492
0.341797
0.000000
0.390625
0.456543
0.185547
0.078125
0.056152
0.087891
0.065918
0.000000
0.166016
0.075684
0.083008
0.170898
0.017090
0.173340
0.000000
0.151367
0.151367
0.168457
0.185547
0.336914
0.151367
0.195312
0.000000
0.107422
0.144043
0.180664
0.019531
0.122070
0.190430
0.000000
0.075684
0.444336
0.158691
0.104980
0.468750
0.034180
0.129395
0.000000
0.156250
0.329590
0.466309
0.187988
0.097656
0.273438
0.251465
0.000000
0.356445
0.234375
0.068359
0.073242
0.241699
0.356445
0.000000
0.161133
0.141602
0.009766
0.017090
0.161133
0.395508
0.061035
0.000000
0.144043
0.129395
0.026855
0.747070
0.195312
0.075684
0.000000
0.756836
0.261230
0.249023
0.402832
0.197754
0.205078
0.100098
0.000000
0.476074
0.065918
0.307617
0.300293
0.087891
0.136719
0.000000
0.627441
0.104980
0.268555
0.034180
0.722656
0.263672
0.219727
0.000000
0.021973
0.307617
0.117188
0.217285
0.043945
0.197754
0.000000
0.290527
0.051270
0.388184
0.107422
0.234375
0.319824
0.034180
0.000000
0.668945
0.017090
0.356445
0.024414
0.078125
0.415039
0.000000
0.256348
0.327148
0.300293
0.017090
0.029297
0.368652
0.400391
0.000000
0.124512
0.549316
0.649414
0.390625
0.466309
0.268555
0.000000
0.070801
0.576172
0.612793
0.073242
0.483398
0.251465
0.251465
0.000000
0.163574
0.114746
0.500488
0.124512
0.104980
0.095215
0.134277
0.000000
0.390625
0.041504
0.166016
0.332031
0.124512
0.192871
0.000000
0.166016
0.224609
0.488281
0.473633
0.012207
0.651855
0.371094
0.000000
0.173340
0.131836
0.273438
0.134277
0.275879
0.498047
0.000000
0.253906
0.043945
0.180664
0.144043
0.173340
0.273438
0.185547
0.000000
0.090332
0.668945
0.195312
0.520020
0.280762
0.087891
0.000000
0.109863
0.310059
0.100098
0.224609
0.043945
0.144043
0.566406
0.000000
0.019531
0.146484
0.229492
0.664062
0.153809
0.380859
0.000000
0.327148
0.068359
0.163574
0.075684
0.065918
0.129395
0.563965
0.000000
0.183105
0.234375
0.087891
0.109863
0.178223
0.410156
0.000000
0.336914
0.026855
0.075684
0.229492
0.205078
0.603027
0.134277
0.000000
0.017090
0.192871
0.014648
0.273438
0.200195
0.209961
0.000000
0.434570
0.266113
0.234375
0.170898
0.168457
0.073242
0.224609
0.000000
0.356445
0.273438
0.036621
0.332031
0.358887
0.195312
0.485840
0.000000
0.351562
0.124512
0.031738
0.266113
0.100098
0.056152
0.000000
0.273438
0.578613
0.085449
0.273438
0.185547
0.014648
0.317383
0.000000
0.063477
0.129395
0.114746
0.178223
0.268555
0.017090
0.000000
0.173340
0.256348
0.085449
0.092773
0.336914
0.173340
0.156250
0.000000
0.100098
0.173340
0.319824
0.114746
0.200195
0.263672
0.000000
0.021973
0.004883
0.075684
0.290527
0.021973
0.241699
0.368652
0.000000
0.119629
0.112305
0.163574
0.063477
0.273438
0.112305
0.000000
0.114746
0.263672
0.068359
0.078125
0.021973
0.466309
0.393066
0.000000
0.004883
0.200195
0.080566
0.063477
0.222168
0.273438
0.000000
0.019531
0.073242
0.090332
0.004883
0.031738
0.009766
0.090332
0.000000
0.156250
0.056152
0.148926
0.087891
0.319824
0.310059
0.302734
0.000000
0.175781
0.144043
0.266113
0.559082
0.183105
0.336914
0.000000
0.173340
0.261230
0.187988
0.317383
0.185547
0.031738
0.073242
0.000000
0.295410
0.061035
0.258789
0.288086
0.307617
0.141602
0.000000
0.468750
0.048828
0.571289
0.192871
0.322266
0.014648
0.129395
0.000000
0.249023
0.349121
0.546875
0.239258
0.407715
0.368652
0.000000
0.231934
0.053711
0.349121
0.268555
0.180664
0.241699
0.012207
0.000000
0.205078
0.214844
0.117188
0.236816
0.036621
0.102539
0.000000
0.034180
0.087891
0.019531
0.397949
0.126953
0.283203
0.576172
0.000000
0.649414
0.021973
0.520020
0.327148
0.029297
0.021973
0.000000
0.065918
0.017090
0.151367
0.185547
0.161133
0.034180
0.222168
0.000000
0.131836
0.302734
0.166016
0.244141
0.100098
0.490723
0.000000
0.073242
0.205078
0.141602
0.151367
0.322266
0.080566
0.056152
0.000000
0.195312
0.222168
0.300293
0.415039
0.109863
0.168457
0.085449
0.000000
0.307617
0.202637
0.161133
0.522461
0.222168
0.131836
0.000000
0.234375
0.087891
0.185547
0.261230
0.368652
0.529785
0.410156
0.000000
0.236816
0.095215
0.241699
0.217285
0.317383
0.195312
0.000000
0.080566
0.336914
0.249023
0.515137
0.161133
0.085449
0.039062
0.000000
0.185547
0.229492
0.429688
0.170898
0.036621
0.034180
0.000000
0.026855
0.112305
0.136719
0.090332
0.056152
0.019531
0.239258
0.000000
0.500488
0.351562
0.083008
0.385742
0.239258
0.229492
0.000000
0.029297
0.009766
0.075684
0.034180
0.637207
0.085449
0.117188
0.000000
0.358887
0.629883
0.163574
0.073242
0.141602
0.141602
0.000000
0.002441
0.366211
0.075684
0.180664
0.029297
0.112305
0.136719
0.000000
0.300293
0.026855
0.625000
0.075684
0.517578
0.236816
0.026855
0.000000
0.207520
0.195312
0.285645
0.158691
0.131836
0.397949
0.000000
0.014648
0.368652
0.197754
0.217285
0.178223
0.021973
0.019531
0.000000
0.256348
0.161133
0.090332
0.268555
0.024414
0.014648
0.000000
0.078125
0.146484
0.422363
0.107422
0.139160
0.156250
0.388184
0.000000
0.122070
0.231934
0.275879
0.246582
0.390625
0.192871
0.000000
0.129395
0.039062
0.095215
0.117188
0.114746
0.017090
0.065918
0.000000
0.173340
0.170898
0.280762
0.124512
0.163574
0.102539
0.000000
0.063477
0.151367
0.136719
0.065918
0.095215
0.334473
0.402832
0.000000
0.141602
0.095215
0.117188
0.019531
0.207520
0.007324
0.000000
0.324707
0.158691
0.310059
0.014648
0.048828
0.056152
0.122070
0.000000
0.107422
0.119629
0.290527
0.092773
0.170898
0.261230
0.000000
0.104980
0.329590
0.295410
0.249023
0.258789
0.000000
0.048828
0.000000
0.061035
0.043945
0.039062
0.085449
0.314941
0.039062
0.349121
0.000000
0.080566
0.183105
0.024414
0.002441
0.053711
0.312500
0.000000
0.075684
0.036621
0.300293
0.214844
0.034180
0.085449
0.056152
0.000000
0.104980
0.136719
0.119629
0.100098
0.090332
0.046387
0.000000
0.104980
0.136719
0.144043
0.244141
0.102539
0.056152
0.002441
0.000000
0.305176
0.231934
0.373535
0.019531
0.012207
0.417480
0.000000
0.310059
0.285645
0.209961
0.173340
0.112305
0.129395
0.117188
0.000000
0.000000
0.153809
0.007324
0.019531
0.224609
0.085449
0.000000
0.207520
0.227051
0.063477
0.153809
0.314941
0.151367
0.307617
0.000000
0.371094
0.078125
0.078125
0.163574
0.109863
0.070801
0.000000
0.021973
0.065918
0.046387
0.283203
0.314941
0.383301
0.209961
0.000000
0.241699
0.437012
0.170898
0.627441
0.161133
0.080566
0.000000
0.075684
0.327148
0.117188
0.178223
0.129395
0.161133
0.097656
0.000000
0.100098
0.305176
0.029297
0.141602
0.136719
0.187988
0.075684
0.000000
0.012207
0.068359
0.043945
0.170898
0.334473
0.141602
0.000000
0.185547
0.371094
0.390625
0.515137
0.178223
0.317383
0.185547
0.000000
0.119629
0.197754
0.153809
0.114746
0.031738
0.029297
0.000000
0.439453
0.244141
0.000000
0.063477
0.378418
0.175781
0.180664
0.000000
0.070801
0.278320
0.117188
0.107422
0.642090
0.617676
0.000000
0.361328
0.161133
0.246582
0.449219
0.185547
0.146484
0.239258
0.000000
0.019531
0.173340
0.073242
0.146484
0.080566
0.412598
0.000000
0.100098
0.493164
0.390625
0.112305
0.283203
0.356445
0.051270
0.000000
0.014648
0.092773
0.300293
0.192871
0.227051
0.158691
0.000000
0.173340
0.017090
0.024414
0.222168
0.124512
0.112305
0.063477
0.000000
0.104980
0.068359
0.322266
0.134277
0.349121
0.178223
0.000000
0.007324
0.263672
0.227051
0.153809
0.229492
0.485840
0.283203
0.000000
0.219727
0.375977
0.473633
0.039062
0.183105
0.236816
0.075684
0.000000
0.095215
0.166016
0.388184
0.080566
0.292969
0.024414
0.000000
0.063477
0.090332
0.217285
0.095215
0.373535
0.378418
0.017090
0.000000
0.036621
0.397949
0.468750
0.146484
0.080566
0.290527
0.000000
0.332031
0.019531
0.085449
0.036621
0.153809
0.053711
0.026855
0.000000
0.195312
0.090332
0.058594
0.058594
0.332031
0.134277
0.000000
0.166016
0.275879
0.541992
0.256348
0.041504
0.285645
0.185547
0.000000
0.024414
0.048828
0.168457
0.156250
0.061035
0.053711
0.000000
0.253906
0.227051
0.085449
0.146484
0.466309
0.278320
0.280762
0.000000
0.273438
0.021973
0.095215
0.004883
0.166016
0.080566
0.000000
0.151367
0.029297
0.173340
0.349121
0.559082
0.102539
0.329590
0.000000
0.107422
0.053711
0.468750
0.083008
0.354004
0.427246
0.283203
0.000000
0.029297
0.192871
0.175781
0.058594
0.090332
0.161133
0.000000
0.014648
0.302734
0.019531
0.104980
0.097656
0.026855
0.065918
0.000000
0.634766
0.102539
0.048828
0.041504
0.197754
0.327148
0.000000
0.302734
0.061035
0.183105
0.004883
0.085449
0.324707
0.156250
0.000000
0.502930
0.456543
0.092773
0.183105
0.019531
0.014648
0.000000
0.390625
0.590820
0.065918
0.185547
0.002441
0.065918
0.214844
0.000000
0.034180
0.178223
0.078125
0.034180
0.207520
0.175781
0.000000
0.180664
0.126953
0.222168
0.029297
0.249023
0.085449
0.319824
0.000000
0.107422
0.039062
0.234375
0.043945
0.041504
0.185547
0.000000
0.131836
0.273438
0.314941
0.390625
0.466309
0.458984
0.063477
0.000000
0.109863
0.063477
0.158691
0.012207
0.166016
0.043945
0.273438
0.000000
0.285645
0.385742
0.263672
0.024414
0.209961
0.261230
0.000000
0.151367
0.424805
0.136719
0.043945
0.224609
0.141602
0.034180
0.000000
0.085449
0.153809
0.148926
0.244141
0.187988
0.400391
0.000000
0.480957
0.244141
0.104980
0.471191
0.002441
0.019531
0.012207
0.000000
0.041504
0.312500
0.327148
0.483398
0.153809
0.063477
0.000000
0.134277
0.205078
0.161133
0.061035
0.021973
0.161133
0.119629
0.000000
0.073242
0.039062
0.212402
0.119629
0.085449
0.139160
0.000000
0.014648
0.192871
0.263672
0.314941
0.043945
0.095215
0.112305
0.000000
0.256348
0.102539
0.207520
0.070801
0.102539
0.202637
0.000000
0.136719
0.131836
0.319824
0.056152
0.322266
0.009766
0.490723
0.000000
0.332031
0.212402
0.187988
0.217285
0.351562
0.317383
0.000000
0.349121
0.402832
0.136719
0.119629
0.200195
0.124512
0.212402
0.000000
0.793457
0.095215
0.139160
0.419922
0.480957
0.346680
0.258789
0.000000
0.146484
0.122070
0.183105
0.122070
0.085449
0.317383
0.000000
0.153809
0.107422
0.017090
0.502930
0.024414
0.129395
0.461426
0.000000
0.498047
0.058594
0.029297
0.292969
0.229492
0.085449
0.000000
0.026855
0.075684
0.019531
0.185547
0.048828
0.144043
0.192871
0.000000
0.080566
0.119629
0.805664
0.339355
0.219727
0.356445
0.000000
0.146484
0.041504
0.014648
0.039062
0.229492
0.363770
0.031738
0.000000
0.227051
0.266113
0.034180
0.109863
0.134277
0.078125
0.000000
0.024414
0.168457
0.434570
0.207520
0.029297
0.205078
0.266113
0.000000
0.134277
0.332031
0.095215
0.112305
0.202637
0.256348
0.000000
0.466309
0.427246
0.070801
0.007324
0.307617
0.227051
0.405273
0.000000
0.002441
0.183105
0.261230
0.073242
0.102539
0.244141
0.000000
0.009766
0.046387
0.109863
0.141602
0.083008
0.043945
0.102539
0.000000
0.214844
0.004883
0.170898
0.080566
0.187988
0.366211
0.024414
0.000000
0.070801
0.131836
0.021973
0.000000
0.114746
0.031738
0.000000
0.078125
0.043945
0.373535
0.148926
0.144043
0.007324
0.031738
0.000000
0.234375
0.256348
0.019531
0.063477
0.168457
0.173340
0.000000
0.063477
0.168457
0.253906
0.173340
0.090332
0.200195
0.515137
0.000000
0.012207
0.336914
0.166016
0.021973
0.419922
0.053711
0.000000
0.158691
0.502930
0.041504
0.065918
0.129395
0.039062
0.114746
0.000000
0.007324
0.078125
0.122070
0.256348
0.124512
0.100098
0.000000
0.126953
0.131836
0.144043
0.234375
0.190430
0.146484
0.014648
0.000000
0.122070
0.109863
0.009766
0.114746
0.075684
0.078125
0.000000
0.122070
0.129395
0.375977
0.270996
0.214844
0.026855
0.231934
0.000000
0.002441
0.122070
0.278320
0.266113
0.058594
0.197754
0.000000
0.241699
0.275879
0.319824
0.222168
0.178223
0.273438
0.034180
0.000000
0.004883
0.170898
0.090332
0.097656
0.036621
0.290527
0.166016
0.000000
0.217285
0.021973
0.278320
0.151367
0.012207
0.087891
0.000000
0.129395
0.007324
0.124512
0.073242
0.012207
0.158691
0.561523
0.000000
0.480957
0.109863
0.056152
0.012207
0.214844
0.026855
0.000000
0.063477
0.046387
0.180664
0.068359
0.134277
0.122070
0.170898
0.000000
0.019531
0.068359
0.197754
0.402832
0.104980
0.231934
0.000000
0.080566
0.002441
0.185547
0.041504
0.151367
0.012207
0.080566
0.000000
0.253906
0.036621
0.461426
0.114746
0.119629
0.402832
0.000000
0.002441
0.124512
0.559082
0.217285
0.034180
0.136719
0.263672
0.000000
0.004883
0.061035
0.415039
0.104980
0.014648
0.129395
0.000000
0.249023
0.004883
0.048828
0.339355
0.620117
0.439453
0.119629
0.000000
0.175781
0.378418
0.432129
0.112305
0.073242
0.185547
0.312500
0.000000
0.131836
0.087891
0.065918
0.063477
0.136719
0.283203
0.000000
0.209961
0.371094
0.014648
0.354004
0.534668
0.156250
0.273438
0.000000
0.036621
0.112305
0.097656
0.002441
0.146484
0.205078
0.000000
0.397949
0.136719
0.078125
0.253906
0.129395
0.241699
0.314941
0.000000
0.246582
0.012207
0.058594
0.166016
0.053711
0.356445
0.000000
0.056152
0.214844
0.173340
0.251465
0.209961
0.051270
0.319824
0.000000
0.163574
0.161133
0.007324
0.397949
0.207520
0.419922
0.000000
0.341797
0.451660
0.251465
0.400391
0.363770
0.195312
0.024414
0.000000
0.085449
0.092773
0.026855
0.109863
0.563965
0.063477
0.000000
0.026855
0.007324
0.419922
0.559082
0.510254
0.156250
0.046387
0.000000
0.166016
0.007324
0.100098
0.083008
0.205078
0.231934
0.000000
0.432129
0.058594
0.415039
0.039062
0.007324
0.068359
0.061035
0.000000
0.009766
0.058594
0.102539
0.134277
0.078125
0.290527
0.295410
0.000000
0.139160
0.534668
0.332031
0.126953
0.231934
0.263672
0.000000
0.085449
0.170898
0.214844
0.031738
0.061035
0.168457
0.068359
0.000000
0.036621
0.017090
0.297852
0.219727
0.456543
0.375977
0.000000
0.053711
0.119629
0.000000
0.253906
0.354004
0.119629
0.126953
0.000000
0.097656
0.131836
0.219727
0.065918
0.490723
0.498047
0.000000
0.119629
0.007324
0.151367
0.073242
0.217285
0.224609
0.014648
0.000000
0.080566
0.104980
0.346680
0.373535
0.095215
0.085449
0.000000
0.183105
0.131836
0.517578
0.217285
0.104980
0.085449
0.168457
0.000000
0.102539
0.131836
0.217285
0.070801
0.163574
0.124512
0.000000
0.012207
0.153809
0.192871
0.378418
0.122070
0.200195
0.324707
0.000000
0.129395
0.039062
0.070801
0.419922
0.197754
0.241699
0.166016
0.000000
0.104980
0.075684
0.476074
0.295410
0.004883
0.183105
0.000000
0.102539
0.280762
0.029297
0.148926
0.249023
0.229492
0.134277
0.000000
0.012207
0.256348
0.480957
0.061035
0.231934
0.449219
0.000000
0.058594
0.004883
0.012207
0.314941
0.390625
0.102539
0.131836
0.000000
0.117188
0.102539
0.004883
0.134277
0.214844
0.322266
0.000000
0.202637
0.061035
0.104980
0.092773
0.085449
0.029297
0.007324
0.000000
0.004883
0.002441
0.131836
0.261230
0.156250
0.000000
0.000000
0.278320
0.412598
0.144043
0.410156
0.356445
0.063477
0.163574
0.000000
0.073242
0.310059
0.026855
0.329590
0.478516
0.122070
0.000000
0.012207
0.319824
0.317383
0.280762
0.224609
0.097656
0.053711
0.000000
0.363770
0.207520
0.283203
0.327148
0.280762
0.480957
0.000000
0.039062
0.180664
0.051270
0.173340
0.922852
0.666504
0.075684
0.000000
0.185547
0.234375
0.297852
0.046387
0.200195
0.039062
0.009766
0.000000
0.351562
0.388184
0.119629
0.061035
0.065918
0.048828
0.000000
0.263672
0.041504
0.170898
0.097656
0.061035
0.061035
0.346680
0.000000
0.388184
0.112305
0.131836
0.048828
0.034180
0.129395
0.000000
0.151367
0.207520
0.314941
0.017090
0.163574
0.280762
0.363770
0.000000
0.029297
0.112305
0.234375
0.510254
0.244141
0.202637
0.000000
0.148926
0.131836
0.136719
0.024414
0.068359
0.134277
0.307617
0.000000
0.446777
0.124512
0.480957
0.485840
0.395508
0.488281
0.000000
0.449219
0.190430
0.375977
0.400391
0.065918
0.527344
0.520020
0.000000
0.202637
0.512695
0.109863
0.000000
0.141602
0.173340
0.000000
0.002441
0.288086
0.268555
0.073242
0.061035
0.131836
0.168457
0.000000
0.222168
0.065918
0.302734
0.312500
0.021973
0.439453
0.000000
0.825195
0.014648
0.153809
0.383301
0.627441
0.397949
0.231934
0.000000
0.117188
0.207520
0.051270
0.021973
0.129395
0.158691
0.219727
0.000000
0.388184
0.129395
0.227051
0.112305
0.278320
0.041504
0.000000
0.175781
0.295410
0.065918
0.263672
0.051270
0.378418
0.244141
0.000000
0.441895
0.104980
0.290527
0.227051
0.131836
0.502930
0.000000
0.041504
0.256348
0.141602
0.261230
0.231934
0.498047
0.117188
0.000000
0.549316
0.270996
0.175781
0.600586
0.026855
0.217285
0.000000
0.004883
0.012207
0.251465
0.068359
0.224609
0.085449
0.029297
0.000000
0.085449
0.058594
0.136719
0.085449
0.292969
0.341797
0.000000
0.168457
0.012207
0.222168
0.048828
0.119629
0.031738
0.585938
0.000000
0.246582
0.114746
0.329590
0.207520
0.061035
0.031738
0.000000
0.217285
0.202637
0.253906
0.429688
0.256348
0.068359
0.119629
0.000000
0.261230
0.368652
0.134277
0.007324
0.458984
0.031738
4.516602
0.000000
8.222656
2.880859
3.173828
4.990234
4.577637
3.137207
0.000000
1.467285
0.598145
0.327148
0.217285
0.544434
0.791016
0.344238
0.000000
0.661621
1.071777
0.849609
0.485840
0.383301
0.170898
0.000000
0.708008
0.075684
0.615234
0.407715
0.126953
0.546875
0.588379
0.000000
0.219727
0.717773
0.468750
0.034180
0.852051
0.209961
0.000000
0.380859
0.380859
0.834961
0.297852
0.114746
0.207520
0.388184
0.000000
0.415039
0.070801
0.136719
0.185547
0.534668
0.356445
0.000000
0.388184
0.651855
0.136719
0.317383
0.270996
0.625000
0.324707
0.000000
0.102539
0.390625
0.144043
0.852051
0.368652
0.207520
0.000000
0.290527
0.722656
0.654297
0.102539
0.419922
0.505371
0.566406
0.000000
0.322266
0.617676
0.959473
0.146484
0.427246
0.585938
1.152344
0.000000
0.173340
0.410156
0.083008
0.437012
0.620117
0.446777
0.000000
0.156250
0.373535
0.747070
0.363770
0.356445
0.183105
0.412598
0.000000
0.832520
0.119629
0.139160
0.705566
0.805664
0.473633
0.000000
0.810547
1.115723
0.180664
0.302734
0.725098
0.947266
0.139160
0.000000
0.000000
0.305176
0.771484
0.041504
0.639648
0.815430
0.000000
0.573730
0.996094
0.883789
0.703125
0.505371
1.289062
0.373535
0.000000
0.407715
0.710449
0.649414
0.986328
0.148926
0.107422
0.000000
0.329590
1.069336
0.593262
0.363770
0.087891
0.571289
0.805664
0.000000
0.222168
0.600586
0.290527
0.351562
0.546875
0.383301
0.000000
0.327148
0.041504
0.781250
0.231934
0.585938
0.200195
0.395508
0.000000
0.793457
1.245117
0.058594
0.278320
0.915527
0.422363
0.000000
0.847168
1.022949
0.073242
0.637207
0.712891
0.419922
0.974121
0.000000
1.232910
0.192871
0.129395
0.195312
0.583496
0.646973
0.280762
0.000000
0.849609
0.166016
0.327148
0.166016
0.302734
0.773926
0.000000
0.083008
0.295410
0.129395
0.832520
0.458984
0.014648
0.258789
0.000000
0.527344
0.251465
0.659180
0.227051
0.012207
0.568848
0.000000
0.261230
0.468750
0.749512
0.478516
0.419922
0.517578
0.517578
0.000000
0.114746
0.678711
0.422363
0.471191
0.627441
0.632324
0.000000
0.407715
0.090332
0.039062
0.336914
0.187988
0.029297
0.009766
0.000000
0.290527
0.046387
0.202637
0.061035
0.368652
0.974121
0.000000
0.510254
0.454102
0.300293
0.139160
0.500488
0.244141
0.546875
0.000000
0.812988
1.042480
0.327148
0.131836
0.476074
0.324707
0.000000
0.852051
0.490723
0.566406
0.151367
0.153809
0.195312
0.202637
0.000000
0.527344
0.251465
0.170898
0.510254
0.498047
0.073242
0.000000
0.529785
0.393066
0.300293
0.661621
0.727539
0.012207
0.756836
0.000000
0.012207
0.698242
0.090332
0.158691
0.151367
0.048828
0.385742
0.000000
0.229492
0.434570
0.415039
0.139160
0.234375
0.473633
0.000000
0.314941
0.847168
0.803223
0.314941
0.444336
0.224609
0.305176
0.000000
0.124512
0.170898
0.166016
0.344238
0.004883
0.100098
0.000000
0.073242
0.395508
0.458984
0.180664
0.063477
0.073242
0.034180
0.000000
0.480957
0.959473
0.549316
0.759277
1.191406
0.000000
0.000000
1.340332
1.086426
0.424805
1.091309
0.322266
0.866699
1.369629
0.000000
0.153809
0.764160
0.021973
0.705566
0.742188
0.334473
0.000000
0.410156
0.222168
0.227051
0.078125
0.283203
0.981445
0.544434
0.000000
0.349121
0.100098
0.202637
0.227051
0.046387
0.034180
0.000000
0.432129
1.223145
0.610352
0.507812
0.356445
0.429688
0.490723
0.000000
0.087891
1.269531
1.027832
1.955566
2.534180
0.549316
0.000000
2.316895
1.220703
1.142578
1.562500
0.732422
2.514648
1.669922
0.000000
0.507812
0.856934
0.290527
0.244141
0.178223
0.246582
0.156250
0.000000
0.568848
0.607910
0.534668
0.698242
0.231934
0.124512
0.000000
0.065918
0.100098
0.029297
0.051270
0.041504
0.395508
0.815430
0.000000
0.285645
1.083984
0.979004
0.993652
1.906738
0.668945
0.000000
1.142578
1.582031
0.422363
2.260742
0.769043
1.323242
1.123047
0.000000
0.690918
1.276855
0.244141
1.005859
0.173340
0.412598
0.000000
0.449219
0.437012
0.214844
0.234375
0.571289
0.444336
1.689453
0.000000
1.210938
0.422363
0.288086
0.222168
0.927734
0.598145
0.000000
0.610352
0.251465
0.437012
0.869141
0.417480
0.639648
0.095215
0.000000
1.628418
1.501465
1.523438
3.549805
1.032715
2.734375
0.000000
1.879883
2.248535
3.508301
0.075684
2.766113
1.350098
1.159668
0.000000
0.664062
1.293945
0.991211
1.269531
2.473145
1.018066
0.000000
1.347656
1.276855
1.267090
1.823730
0.500488
2.185059
0.817871
0.000000
1.733398
0.881348
2.136230
2.387695
0.607910
2.595215
0.253906
0.000000
2.014160
0.471191
3.698730
1.669922
3.769531
4.709473
0.000000
0.571289
3.737793
0.039062
3.796387
1.704102
2.155762
2.172852
0.000000
0.307617
1.582031
0.644531
1.213379
1.030273
0.288086
0.000000
0.102539
0.827637
0.361328
0.180664
0.261230
0.100098
0.280762
0.000000
0.244141
1.855469
1.428223
1.081543
1.394043
1.677246
0.000000
3.198242
0.366211
2.568359
0.222168
1.372070
0.100098
3.554688
0.000000
3.481445
2.028809
3.386230
1.230469
3.146973
0.166016
0.000000
3.562012
1.496582
2.185059
0.949707
0.834961
0.219727
0.334473
0.000000
0.019531
0.583496
0.219727
0.419922
0.661621
0.573730
0.000000
1.203613
0.773926
2.397461
1.892090
2.246094
2.053223
2.060547
0.000000
2.380371
1.835938
3.225098
0.239258
2.482910
0.549316
2.021484
0.000000
1.823730
0.651855
1.850586
0.273438
1.323242
0.219727
0.000000
2.158203
1.455078
1.079102
0.725098
0.263672
0.146484
0.114746
0.000000
0.168457
0.424805
0.361328
0.644531
1.547852
0.129395
0.000000
2.041016
1.455078
0.405273
0.024414
0.603027
0.371094
1.025391
0.000000
0.886230
1.306152
1.879883
0.068359
1.765137
0.676270
0.000000
2.414551
2.236328
1.186523
1.606445
0.397949
0.876465
0.214844
0.000000
0.930176
0.249023
0.007324
0.607910
0.080566
0.639648
0.000000
0.166016
0.344238
0.295410
0.024414
0.344238
0.405273
0.932617
0.000000
1.154785
0.607910
0.744629
0.246582
0.051270
0.119629
0.000000
0.834961
0.363770
0.783691
0.725098
1.713867
2.517090
0.856934
0.000000
2.412109
0.283203
1.889648
0.209961
1.401367
0.876465
0.058594
0.000000
0.097656
0.075684
0.444336
0.942383
1.237793
0.808105
0.000000
1.064453
1.472168
0.322266
0.798340
0.556641
1.877441
0.954590
0.000000
0.698242
0.104980
0.305176
0.275879
0.144043
0.671387
0.000000
0.214844
1.955566
1.176758
1.440430
0.712891
1.606445
1.130371
0.000000
1.713867
2.802734
0.012207
2.375488
0.405273
1.455078
0.000000
0.043945
0.795898
0.163574
0.644531
0.729980
0.246582
0.651855
0.000000
0.197754
0.056152
0.517578
0.371094
0.292969
0.925293
0.000000
0.192871
1.823730
0.466309
2.780762
0.163574
2.236328
0.327148
0.000000
2.167969
0.417480
2.746582
0.908203
2.258301
0.664062
0.000000
2.495117
1.982422
1.857910
3.186035
0.520020
2.551270
0.185547
0.000000
0.454102
0.791016
0.146484
0.930176
0.148926
0.371094
0.000000
0.708008
1.196289
0.324707
0.903320
0.422363
1.132812
0.888672
0.000000
0.327148
0.195312
0.808105
1.225586
0.417480
1.074219
0.380859
0.000000
2.382812
0.646973
3.781738
2.014160
2.285156
1.650391
0.000000
1.494141
0.998535
2.426758
1.389160
2.995605
2.912598
0.805664
0.000000
2.558594
0.231934
1.420898
1.081543
1.340332
1.518555
0.000000
1.330566
0.751953
1.279297
0.332031
1.618652
0.026855
0.839844
0.000000
0.676270
1.115723
0.046387
1.464844
0.676270
1.987305
0.000000
1.152344
1.979980
1.223145
1.784668
0.974121
1.845703
1.105957
0.000000
1.103516
0.825195
0.822754
0.764160
1.853027
1.840820
0.000000
1.770020
1.772461
1.376953
2.180176
0.051270
2.023926
0.483398
0.000000
1.220703
0.214844
0.908203
0.688477
0.942383
0.932617
0.000000
2.509766
0.783691
2.465820
1.059570
2.202148
0.859375
2.565918
0.000000
1.701660
2.302246
1.528320
2.482910
1.704102
0.881348
0.000000
0.002441
0.166016
1.574707
1.206055
1.047363
1.916504
0.402832
0.000000
2.666016
0.185547
2.951660
0.031738
2.827148
0.434570
3.012695
0.000000
0.046387
1.467285
1.569824
0.561523
3.151855
0.476074
0.000000
2.756348
0.083008
3.295898
1.210938
4.235840
2.661133
4.116211
0.000000
3.759766
2.429199
3.266602
2.570801
3.789062
0.905762
0.000000
0.129395
2.319336
3.564453
2.050781
1.015625
3.063965
0.744629
0.000000
2.824707
1.816406
2.731934
1.975098
2.741699
1.992188
0.000000
2.871094
2.424316
2.802734
1.784668
3.310547
1.340332
3.378906
0.000000
1.252441
3.237305
1.181641
1.699219
1.250000
1.665039
0.000000
2.629395
4.262695
0.285645
4.675293
2.255859
3.513184
1.621094
0.000000
3.217773
1.804199
0.761719
0.251465
0.302734
2.854004
0.000000
1.770020
2.250977
1.755371
1.853027
0.979004
1.594238
1.252441
0.000000
0.527344
0.839844
0.539551
0.119629
1.242676
0.249023
0.000000
1.337891
0.842285
1.616211
1.494141
2.849121
0.834961
3.046875
0.000000
0.197754
1.713867
1.130371
1.340332
1.677246
1.584473
2.121582
0.000000
2.541504
1.901855
3.151855
0.737305
2.539062
0.363770
0.000000
1.640625
0.925293
1.110840
0.439453
1.491699
0.285645
1.984863
0.000000
0.585938
1.801758
0.668945
1.704102
0.007324
1.296387
0.000000
0.314941
1.308594
0.471191
1.567383
0.651855
1.477051
0.036621
0.000000
2.531738
0.874023
2.050781
1.359863
1.064453
1.596680
0.000000
0.993652
2.487793
0.600586
2.172852
0.827637
1.689453
0.979004
0.000000
1.572266
0.900879
1.115723
1.650391
0.996094
2.043457
0.000000
1.059570
1.726074
0.976562
1.569824
0.842285
1.655273
0.878906
0.000000
1.757812
1.733398
0.773926
1.782227
0.263672
0.622559
0.000000
1.584473
0.463867
3.198242
0.637207
3.830566
0.788574
2.275391
0.000000
1.086426
1.044922
0.339355
1.335449
1.083984
0.588379
0.793457
0.000000
1.406250
1.633301
1.093750
0.871582
1.552734
0.327148
0.000000
2.016602
0.751953
1.726074
0.715332
1.743164
0.344238
2.216797
0.000000
0.407715
2.521973
1.442871
1.501465
2.304688
0.444336
0.000000
1.445312
0.854492
1.013184
0.820312
0.937500
0.356445
1.445312
0.000000
0.041504
2.019043
0.327148
1.999512
0.593262
2.343750
0.000000
1.767578
1.096191
1.042480
0.932617
0.424805
1.538086
1.071777
0.000000
1.108398
0.844727
0.627441
0.678711
1.386719
1.147461
0.000000
1.884766
0.969238
2.475586
0.390625
2.148438
1.557617
1.762695
0.000000
2.531738
1.289062
2.939453
1.140137
2.773438
1.462402
0.000000
2.622070
1.555176
2.197266
1.926270
2.832031
0.952148
2.463379
0.000000
0.776367
2.055664
1.418457
2.604980
0.832520
2.055664
0.000000
0.700684
1.271973
1.689453
1.496582
2.148438
1.542969
1.687012
0.000000
0.708008
1.137695
0.925293
2.333984
0.581055
2.648926
0.202637
0.000000
2.854004
1.474609
2.761230
2.575684
1.499023
1.254883
0.000000
1.552734
0.078125
1.591797
1.127930
2.092285
1.369629
2.563477
0.000000
0.500488
2.309570
0.087891
1.728516
0.100098
1.569824
0.000000
0.024414
1.096191
1.193848
1.718750
2.119141
1.955566
2.368164
0.000000
1.784668
2.019043
2.004395
1.074219
1.511230
1.372070
0.000000
1.083984
2.619629
1.323242
3.330078
1.115723
3.750000
0.620117
0.000000
4.033203
0.136719
3.542480
0.695801
2.746582
1.162109
0.000000
2.678223
1.125488
3.498535
0.541992
3.515625
0.344238
2.880859
0.000000
0.349121
2.719727
0.117188
2.431641
0.847168
3.078613
0.000000
1.271973
2.883301
1.782227
2.578125
2.229004
2.238770
2.988281
0.000000
2.197266
3.393555
2.050781
2.939453
1.035156
3.828125
0.000000
1.977539
2.758789
1.320801
2.624512
0.651855
2.976074
0.783691
0.000000
2.614746
0.422363
3.002930
0.278320
3.586426
0.288086
3.225098
0.000000
1.230469
4.091797
1.311035
4.064941
1.030273
3.395996
0.000000
1.340332
3.010254
1.689453
2.507324
2.746582
3.176270
2.746582
0.000000
3.674316
2.180176
3.896484
1.586914
3.405762
1.955566
0.000000
3.171387
2.324219
2.917480
2.397461
2.441406
2.353516
1.977539
0.000000
2.473145
1.870117
2.375488
1.198730
3.183594
1.049805
0.000000
3.857422
1.503906
3.383789
1.154785
3.239746
1.599121
2.167969
0.000000
1.701660
2.199707
2.109375
2.783203
2.019043
2.734375
0.000000
0.749512
3.395996
1.503906
2.194824
1.596680
1.650391
1.623535
0.000000
1.789551
1.689453
1.657715
1.125488
2.021484
1.411133
0.000000
1.879883
1.430664
1.618652
1.086426
1.557617
1.147461
1.745605
0.000000
1.486816
2.058105
1.635742
2.226562
2.341309
0.683594
2.170410
0.000000
0.126953
2.622070
0.634766
2.297363
0.126953
1.791992
0.000000
0.639648
1.770020
0.756836
1.069336
2.226562
2.072754
2.233887
0.000000
2.229004
2.099609
2.619629
1.569824
2.707520
1.254883
0.000000
1.708984
2.121582
1.862793
1.757812
1.887207
1.044922
1.545410
0.000000
1.311035
1.630859
1.218262
1.186523
1.079102
1.269531
0.000000
0.412598
1.367188
0.126953
1.276855
0.036621
1.352539
0.361328
0.000000
0.502930
0.280762
0.666504
0.480957
0.710449
0.827637
0.000000
0.964355
0.729980
1.499023
0.048828
1.274414
0.356445
1.284180
0.000000
0.319824
0.881348
0.141602
0.419922
0.646973
1.257324
0.000000
0.439453
1.845703
0.058594
2.224121
0.866699
1.950684
2.041016
0.000000
0.563965
1.269531
1.018066
1.535645
0.776367
1.076660
1.000977
0.000000
0.468750
1.713867
0.644531
1.870117
0.605469
2.172852
0.000000
1.203613
1.037598
0.346680
0.756836
0.102539
0.434570
0.126953
0.000000
0.439453
0.065918
1.452637
0.856934
1.083984
0.270996
0.000000
0.949707
0.764160
1.696777
0.095215
1.301270
0.009766
1.894531
0.000000
1.245117
1.689453
1.784668
1.120605
0.817871
1.640625
0.000000
0.744629
1.176758
0.114746
1.730957
0.668945
1.704102
0.727539
0.000000
1.437988
0.405273
1.286621
0.368652
1.076660
0.302734
0.000000
1.982422
0.043945
2.141113
0.441895
2.006836
0.593262
2.287598
0.000000
1.005859
1.628418
0.209961
1.450195
0.246582
1.872559
0.000000
0.378418
2.224121
0.939941
2.861328
1.772461
2.053223
0.915527
0.000000
2.087402
0.876465
1.713867
0.773926
1.291504
0.341797
0.000000
1.328125
0.788574
0.517578
0.178223
1.486816
0.656738
1.523438
0.000000
0.290527
0.908203
0.651855
1.250000
0.080566
1.149902
1.015625
0.000000
0.786133
1.088867
0.776367
1.291504
0.068359
0.620117
0.000000
0.654297
1.066895
0.541992
1.291504
0.546875
0.002441
0.317383
0.000000
0.222168
0.473633
0.949707
0.339355
0.957031
0.620117
0.000000
0.808105
0.634766
0.515137
1.137695
0.903320
0.139160
1.086426
0.000000
0.769043
0.627441
1.213379
0.009766
1.096191
0.793457
0.000000
0.087891
0.249023
0.236816
0.483398
0.268555
0.771484
0.324707
0.000000
1.384277
1.010742
0.375977
0.131836
0.083008
0.478516
0.000000
0.102539
0.625000
0.007324
0.810547
0.722656
0.410156
0.095215
0.000000
0.166016
0.161133
0.129395
0.139160
0.026855
0.285645
0.000000
0.058594
0.009766
0.615234
0.095215
0.622559
0.183105
0.085449
0.000000
0.297852
0.244141
0.200195
0.527344
0.021973
0.397949
0.000000
0.212402
0.583496
0.449219
0.075684
0.036621
0.029297
0.026855
0.000000
0.456543
0.312500
0.534668
1.386719
0.769043
0.854492
1.025391
0.000000
0.146484
1.127930
0.793457
0.070801
0.424805
0.859375
0.000000
0.715332
0.378418
0.754395
0.363770
0.334473
0.861816
0.283203
0.000000
1.113281
0.300293
0.273438
0.278320
0.236816
0.131836
0.000000
0.939941
0.512695
0.637207
0.146484
0.947266
0.302734
0.197754
0.000000
0.195312
0.092773
0.358887
1.320801
0.754395
0.397949
0.000000
0.395508
0.356445
0.251465
0.688477
0.161133
0.219727
1.372070
0.000000
1.157227
1.076660
1.330566
0.112305
0.908203
0.195312
0.000000
0.544434
0.354004
0.627441
0.104980
1.232910
1.308594
0.153809
0.000000
1.369629
0.646973
1.025391
0.366211
0.175781
0.578613
0.000000
0.725098
1.093750
0.207520
0.102539
0.341797
0.039062
0.773926
0.000000
0.410156
0.349121
0.532227
0.126953
0.307617
0.695801
0.000000
0.026855
0.405273
0.397949
0.205078
0.349121
0.322266
0.913086
0.000000
0.090332
0.222168
0.085449
0.383301
0.263672
0.083008
0.856934
0.000000
0.375977
0.739746
0.722656
0.937500
0.178223
1.228027
0.000000
1.330566
0.092773
1.127930
0.236816
0.715332
0.144043
0.615234
0.000000
0.681152
0.422363
1.284180
1.179199
0.090332
0.766602
0.000000
0.439453
0.527344
0.295410
1.013184
0.625000
0.856934
0.671387
0.000000
0.642090
0.761719
0.603027
1.057129
0.100098
0.463867
0.000000
0.546875
0.798340
0.170898
0.615234
1.318359
0.524902
0.344238
0.000000
0.732422
0.834961
0.920410
0.681152
1.047363
0.227051
0.000000
1.765137
0.969238
0.937500
0.617676
0.627441
0.642090
0.817871
0.000000
1.271973
1.210938
1.884766
1.772461
3.205566
0.659180
0.000000
2.805176
0.278320
2.089844
1.018066
3.015137
0.339355
2.243652
0.000000
0.754395
2.207031
0.771484
3.134766
1.916504
1.875000
1.411133
0.000000
0.891113
0.886230
0.791016
1.308594
1.149902
2.094727
0.000000
1.508789
3.027344
0.842285
2.973633
0.571289
2.277832
0.954590
0.000000
2.207031
0.329590
1.359863
1.176758
1.511230
1.865234
0.000000
1.589355
2.255859
0.834961
2.375488
0.664062
3.059082
0.319824
0.000000
2.580566
0.722656
2.741699
0.200195
3.129883
1.169434
0.000000
2.438965
0.432129
3.237305
0.187988
3.947754
1.242676
2.988281
0.000000
0.866699
2.915039
0.407715
3.037109
0.463867
2.800293
0.000000
0.827637
2.832031
1.250000
3.212891
1.870117
2.465820
2.238770
0.000000
1.582031
3.212891
0.739746
2.990723
1.071777
2.355957
0.000000
1.433105
1.787109
1.909180
2.397461
1.584473
2.575684
1.655273
0.000000
2.253418
2.233887
2.744141
1.748047
2.595215
1.816406
0.000000
2.307129
2.211914
2.604980
1.582031
2.390137
1.247559
2.539062
0.000000
1.147461
2.868652
1.000977
2.895508
0.932617
3.571777
0.288086
0.000000
3.374023
0.346680
3.298340
0.065918
3.076172
0.454102
0.000000
3.261719
0.507812
3.481445
0.632324
3.110352
1.821289
3.391113
0.000000
2.055664
2.827148
2.111816
2.028809
2.355957
2.358398
0.000000
1.726074
2.133789
1.860352
1.889648
2.580566
2.602539
2.175293
0.000000
2.199707
2.236328
1.960449
1.933594
1.552734
1.999512
0.000000
1.679688
1.928711
2.607422
1.140137
2.468262
1.677246
2.194824
0.000000
2.221680
2.346191
1.611328
2.543945
0.786133
2.097168
0.000000
1.450195
1.518555
3.056641
1.525879
3.481445
1.989746
2.109375
0.000000
0.910645
2.714844
1.096191
2.512207
0.605469
2.170410
0.000000
0.595703
2.207031
2.204590
1.213379
1.660156
2.321777
2.250977
0.000000
2.148438
3.037109
0.859375
2.687988
1.088867
3.234863
0.439453
0.000000
2.478027
0.598145
1.997070
1.589355
3.320312
1.293945
0.000000
3.322754
1.823730
3.366699
1.284180
2.375488
1.679688
2.490234
0.000000
2.424316
3.117676
2.834473
2.583008
3.391113
2.119141
0.000000
3.132324
1.596680
3.095703
1.674805
2.492676
1.259766
1.992188
0.000000
0.917969
1.928711
1.289062
2.080078
1.694336
1.618652
0.000000
0.493164
2.158203
0.593262
1.525879
0.283203
1.733398
0.371094
0.000000
2.578125
1.274414
2.131348
1.223145
1.923828
1.289062
0.000000
1.408691
0.646973
1.806641
0.727539
2.355957
1.191406
2.712402
0.000000
1.806641
2.553711
2.209473
1.894531
1.616211
2.014160
0.000000
1.215820
2.775879
2.590332
1.352539
2.229004
0.856934
1.711426
0.000000
1.027832
1.938477
0.466309
1.347656
1.145020
2.033691
0.000000
1.179199
2.150879
2.004395
2.360840
2.194824
2.067871
1.652832
0.000000
1.542969
1.569824
2.214355
0.988770
2.519531
1.301270
3.149414
0.000000
1.752930
4.245605
0.595703
3.359375
0.495605
2.475586
0.000000
0.866699
2.685547
0.319824
2.109375
0.373535
2.807617
0.476074
0.000000
2.851562
0.341797
2.119141
0.639648
1.489258
1.674805
0.000000
0.520020
1.000977
1.687012
1.352539
1.718750
0.969238
1.811523
0.000000
0.893555
2.141113
1.462402
1.647949
1.757812
0.976562
0.000000
2.141113
0.454102
1.989746
0.939941
1.989746
1.284180
2.219238
0.000000
0.241699
1.252441
0.083008
0.207520
1.345215
0.344238
0.000000
1.694336
0.253906
1.799316
1.059570
1.176758
1.552734
1.206055
0.000000
1.777344
1.176758
1.228027
1.101074
0.615234
1.826172
0.000000
1.870117
1.203613
2.016602
1.691895
2.646484
1.835938
3.266602
0.000000
0.947266
2.717285
0.720215
2.485352
0.480957
2.775879
0.000000
0.024414
3.039551
0.131836
3.227539
0.715332
2.744141
1.225586
0.000000
2.116699
0.444336
1.152344
0.173340
0.483398
0.869141
1.477051
0.000000
0.781250
1.118164
1.359863
1.237793
1.079102
0.739746
0.000000
1.069336
0.671387
1.171875
1.381836
0.930176
1.267090
2.028809
0.000000
2.031250
1.989746
1.845703
1.557617
0.878906
1.767578
0.000000
0.998535
1.315918
1.264648
1.035156
1.352539
1.193848
1.413574
0.000000
0.502930
0.104980
0.791016
0.146484
0.456543
0.095215
0.000000
0.075684
0.402832
0.576172
0.173340
0.622559
0.449219
1.193848
0.000000
0.107422
1.076660
0.014648
1.101074
0.141602
1.235352
0.000000
0.224609
1.176758
0.288086
1.298828
0.898438
0.471191
0.439453
0.000000
0.080566
0.400391
0.815430
0.205078
0.629883
0.625000
0.000000
0.339355
0.451660
0.358887
0.603027
0.539551
0.078125
0.026855
0.000000
0.329590
0.280762
0.334473
0.568848
0.180664
0.839844
0.866699
0.000000
0.087891
0.600586
0.590820
1.032715
0.905762
0.639648
0.000000
1.420898
1.071777
1.047363
1.533203
0.119629
0.576172
0.803223
0.000000
0.710449
0.595703
0.478516
0.617676
0.778809
0.485840
0.000000
0.856934
0.031738
0.207520
0.097656
0.458984
0.026855
0.778809
0.000000
0.158691
0.522461
0.620117
0.422363
0.048828
0.129395
0.000000
0.246582
0.270996
0.371094
0.971680
1.057129
0.451660
0.886230
0.000000
0.649414
1.145020
0.004883
0.554199
0.605469
0.410156
0.000000
0.058594
0.434570
0.498047
0.507812
0.029297
0.732422
0.476074
0.000000
0.168457
0.412598
0.175781
0.041504
0.703125
0.820312
0.000000
0.097656
0.039062
0.312500
0.141602
0.278320
0.510254
0.754395
0.000000
0.180664
0.695801
0.197754
0.336914
0.004883
1.108398
0.000000
0.708008
1.032715
0.847168
0.380859
0.693359
0.339355
0.629883
0.000000
0.681152
0.156250
0.048828
0.029297
0.478516
0.659180
0.319824
0.000000
0.195312
0.097656
0.080566
0.061035
0.402832
0.019531
0.000000
1.074219
0.712891
0.686035
0.803223
0.686035
1.459961
0.317383
0.000000
0.410156
0.126953
0.122070
0.183105
0.581055
0.178223
0.000000
0.737305
0.378418
1.647949
0.798340
0.700684
1.086426
0.192871
0.000000
0.686035
0.676270
0.163574
0.722656
1.291504
0.725098
0.000000
0.332031
0.698242
0.449219
1.030273
0.229492
0.739746
0.073242
0.000000
0.300293
0.297852
1.008301
0.104980
1.423340
0.078125
0.000000
1.770020
0.092773
1.867676
0.837402
0.798340
0.510254
0.620117
0.000000
0.056152
1.252441
0.617676
0.620117
0.292969
0.751953
0.000000
0.537109
0.424805
0.092773
0.651855
0.117188
0.966797
0.334473
0.000000
0.400391
0.173340
0.830078
0.097656
0.524902
0.073242
0.678711
0.000000
0.649414
0.244141
0.163574
0.319824
0.651855
1.533203
0.000000
0.532227
0.930176
1.037598
0.151367
0.800781
0.012207
0.500488
0.000000
0.124512
0.478516
0.009766
0.375977
0.473633
0.385742
0.000000
0.158691
0.021973
0.812988
0.913086
0.280762
0.258789
0.476074
0.000000
0.124512
0.019531
0.031738
0.295410
0.087891
0.559082
0.000000
0.839844
0.207520
0.615234
0.112305
0.534668
0.136719
0.612793
0.000000
0.256348
0.019531
0.212402
0.253906
0.622559
0.629883
0.000000
1.501465
0.212402
1.394043
1.328125
0.761719
1.872559
0.461426
0.000000
1.918945
0.312500
1.865234
0.012207
1.618652
0.085449
0.000000
1.484375
0.546875
2.395020
0.449219
2.561035
1.757812
1.779785
0.000000
1.994629
1.547852
2.763672
0.388184
2.607422
0.163574
0.000000
2.897949
0.278320
2.893066
1.118164
1.618652
0.385742
2.133789
0.000000
1.235352
1.281738
0.568848
1.318359
0.256348
1.235352
0.539551
0.000000
0.551758
0.534668
1.850586
0.190430
0.954590
0.117188
0.000000
0.537109
0.290527
0.493164
0.849609
0.253906
0.168457
0.817871
0.000000
0.798340
0.019531
1.142578
0.456543
1.113281
0.505371
0.000000
0.761719
0.852051
0.224609
0.888672
0.178223
0.532227
0.297852
0.000000
0.407715
0.102539
0.085449
0.219727
0.358887
0.424805
0.000000
0.322266
0.209961
0.034180
0.278320
0.715332
0.170898
0.480957
0.000000
0.249023
0.627441
0.583496
0.236816
0.522461
0.224609
0.000000
0.278320
0.510254
0.891113
0.026855
1.186523
0.527344
0.102539
0.000000
0.212402
0.654297
1.186523
0.292969
0.502930
0.063477
0.000000
0.603027
0.427246
0.239258
0.773926
0.056152
0.056152
0.671387
0.000000
0.800781
0.305176
0.295410
0.361328
1.101074
0.129395
0.000000
0.966797
0.986328
0.009766
0.971680
0.136719
0.881348
0.861816
0.000000
0.368652
0.593262
0.571289
0.551758
0.698242
0.070801
0.485840
0.000000
1.125488
1.008301
0.148926
0.913086
0.673828
0.366211
0.000000
1.098633
0.322266
1.037598
1.311035
0.292969
0.476074
0.683594
0.000000
0.270996
1.442871
1.887207
0.148926
1.318359
0.866699
0.000000
0.214844
0.085449
0.329590
0.456543
0.141602
0.561523
0.842285
0.000000
0.136719
0.451660
0.415039
0.861816
0.727539
0.285645
0.000000
1.650391
1.762695
0.358887
0.800781
0.322266
0.654297
0.754395
0.000000
0.263672
0.056152
0.039062
0.363770
0.385742
0.200195
0.000000
0.297852
0.458984
0.502930
0.168457
0.009766
0.222168
0.097656
0.000000
0.661621
0.734863
0.468750
0.270996
0.190430
0.307617
0.000000
0.405273
0.087891
0.637207
0.173340
0.673828
0.722656
0.090332
0.000000
1.110840
0.922852
0.273438
0.390625
0.104980
0.173340
0.000000
0.483398
0.739746
0.170898
0.468750
0.063477
0.483398
0.268555
0.000000
0.405273
0.747070
0.163574
0.168457
0.061035
0.205078
0.258789
0.000000
0.229492
0.322266
0.253906
0.007324
0.205078
0.131836
0.000000
0.192871
0.368652
0.800781
1.127930
0.791016
0.683594
1.394043
0.000000
0.354004
0.698242
0.673828
0.065918
0.922852
0.998535
0.000000
0.166016
0.144043
0.769043
0.354004
0.178223
0.502930
0.329590
0.000000
0.864258
0.371094
0.187988
0.419922
0.021973
0.510254
0.000000
0.808105
0.537109
0.019531
0.004883
0.366211
0.483398
0.219727
0.000000
0.222168
0.422363
0.717773
0.549316
0.168457
0.656738
0.000000
0.007324
1.066895
1.057129
0.385742
1.330566
0.571289
0.427246
0.000000
0.688477
0.124512
1.149902
0.986328
0.290527
0.312500
0.000000
0.478516
0.300293
0.942383
0.705566
0.019531
0.793457
0.654297
0.000000
0.166016
0.332031
0.019531
0.700684
0.788574
0.007324
0.036621
0.000000
0.251465
0.336914
0.397949
0.305176
0.041504
0.021973
0.000000
0.637207
1.018066
0.554199
0.148926
0.468750
0.209961
0.358887
0.000000
0.722656
0.048828
0.468750
0.087891
0.534668
1.003418
0.000000
0.434570
0.031738
0.039062
0.085449
0.185547
0.444336
0.056152
0.000000
0.698242
0.590820
0.126953
0.397949
0.627441
0.129395
0.000000
0.344238
0.390625
0.441895
0.000000
0.170898
0.085449
0.126953
0.000000
0.002441
0.334473
0.197754
0.253906
0.231934
0.397949
0.000000
0.671387
0.031738
0.546875
0.114746
0.966797
0.754395
0.114746
0.000000
0.546875
0.583496
0.727539
0.456543
0.175781
0.317383
0.000000
0.083008
0.700684
0.693359
0.073242
0.151367
0.087891
0.180664
0.000000
0.466309
0.095215
0.749512
0.693359
0.344238
0.161133
0.000000
0.217285
1.115723
0.583496
0.571289
0.634766
0.310059
0.422363
0.000000
1.142578
1.342773
0.590820
1.093750
0.764160
1.738281
0.148926
0.000000
1.491699
0.075684
1.271973
0.905762
0.463867
1.218262
0.000000
0.202637
0.856934
0.539551
0.625000
1.079102
0.004883
0.302734
0.000000
0.568848
0.429688
0.009766
0.051270
0.087891
0.197754
0.000000
0.268555
0.463867
0.100098
0.141602
0.002441
0.314941
0.598145
0.000000
0.324707
0.441895
1.103516
0.954590
1.264648
1.508789
0.000000
0.974121
1.672363
0.468750
1.862793
1.020508
0.766602
0.788574
0.000000
1.218262
1.357422
0.546875
0.832520
0.354004
1.091309
0.000000
0.263672
1.162109
0.395508
0.852051
0.119629
1.782227
1.352539
0.000000
1.347656
2.072754
1.198730
3.068848
0.295410
2.368164
0.000000
0.969238
1.918945
1.564941
2.194824
3.825684
0.034180
3.029785
0.000000
0.378418
2.792969
1.357422
1.936035
1.740723
1.052246
1.535645
0.000000
0.637207
1.433105
0.258789
0.283203
1.340332
0.986328
0.000000
0.537109
1.157227
0.085449
1.479492
0.627441
1.345215
1.008301
0.000000
1.059570
0.800781
1.831055
1.860352
1.252441
1.899414
0.000000
0.544434
1.782227
0.039062
1.669922
0.300293
3.479004
1.955566
0.000000
3.337402
4.357910
0.803223
3.366699
0.568848
1.989746
0.000000
1.362305
1.179199
2.233887
1.733398
1.650391
1.733398
1.110840
0.000000
1.699219
0.627441
1.564941
0.297852
1.733398
0.236816
0.000000
2.529297
0.104980
3.562012
2.082520
2.941895
2.895508
2.329102
0.000000
2.666016
0.839844
1.062012
0.522461
1.166992
0.124512
0.000000
2.583008
1.523438
1.191406
0.080566
2.145996
1.572266
1.345215
0.000000
2.290039
1.147461
2.170410
1.364746
1.928711
0.329590
0.000000
0.620117
0.603027
1.132812
0.163574
0.085449
1.198730
1.547852
0.000000
0.637207
3.127441
1.145020
2.675781
1.230469
2.612305
1.394043
0.000000
3.364258
2.719727
3.378906
3.420410
2.219238
2.727051
0.000000
1.347656
1.613770
2.099609
1.730957
2.685547
2.351074
2.292480
0.000000
2.944336
1.223145
2.846680
0.361328
1.611328
1.201172
0.000000
1.491699
1.550293
0.947266
2.570801
1.511230
2.546387
2.045898
0.000000
1.887207
2.612305
1.027832
2.949219
0.678711
3.645020
0.000000
0.175781
4.411621
1.015625
4.521484
2.297363
4.279785
2.939453
0.000000
3.825684
3.100586
2.546387
1.779785
2.478027
1.186523
0.000000
2.707520
1.535645
2.375488
1.660156
2.712402
2.590332
1.884766
0.000000
1.789551
1.955566
1.757812
1.267090
1.420898
1.123047
0.000000
1.027832
1.706543
1.040039
1.750488
1.726074
0.065918
2.114258
0.000000
2.158203
2.207031
3.088379
3.024902
4.614258
2.500000
0.000000
5.048828
1.489258
4.287109
1.005859
3.613281
1.201172
4.645996
0.000000
0.507812
4.084473
1.469727
3.391113
2.133789
3.281250
3.229980
0.000000
3.027344
3.664551
2.446289
1.823730
3.811035
1.679688
0.000000
4.577637
3.471680
2.517090
2.229004
3.564453
5.065918
0.715332
0.000000
5.678711
2.192383
4.291992
3.120117
4.052734
4.431152
0.000000
2.402344
3.508301
2.338867
3.769531
0.964355
3.027344
0.002441
0.000000
2.744141
1.398926
1.210938
0.832520
0.974121
0.898438
0.000000
1.147461
1.721191
0.478516
1.354980
1.215820
3.122559
0.266113
0.000000
3.076172
0.527344
3.752441
1.704102
3.806152
3.122559
0.000000
2.988281
3.159180
3.398438
4.812012
1.032715
3.911133
0.029297
0.000000
3.864746
1.254883
3.469238
2.316895
2.314453
2.399902
0.000000
2.141113
2.995605
1.198730
2.253418
1.296387
1.657715
1.977539
0.000000
1.679688
2.707520
2.775879
1.730957
2.509766
1.606445
2.915039
0.000000
1.469727
3.601074
0.683594
3.745117
0.664062
3.220215
0.000000
1.821289
2.097168
1.252441
2.062988
0.742188
1.726074
0.859375
0.000000
1.281738
2.153320
0.375977
1.137695
0.300293
1.049805
0.000000
1.005859
2.319336
0.571289
1.538086
0.651855
1.103516
0.668945
0.000000
0.803223
0.803223
0.905762
1.040039
1.237793
2.185059
0.000000
0.085449
2.573242
0.600586
3.344727
2.141113
3.020020
3.273926
0.000000
2.067871
3.286133
1.896973
3.461914
1.574707
3.154297
0.000000
1.201172
2.668457
1.064453
2.875977
0.546875
2.836914
0.256348
0.000000
2.697754
0.122070
2.800293
0.505371
1.794434
0.195312
0.000000
1.542969
0.310059
1.008301
0.336914
0.461426
0.285645
0.371094
0.000000
0.571289
0.136719
0.786133
0.490723
1.992188
0.275879
2.600098
0.000000
1.381836
2.172852
1.582031
2.470703
2.851562
1.269531
0.000000
2.556152
0.573730
1.640625
0.639648
0.930176
1.452637
1.520996
0.000000
1.206055
1.601562
0.944824
1.875000
0.288086
1.042480
0.000000
1.083984
0.324707
0.012207
0.402832
0.373535
0.278320
0.717773
0.000000
0.068359
1.293945
1.044922
0.488281
0.156250
1.428223
0.000000
0.417480
2.775879
2.546387
1.921387
3.681641
0.502930
3.864746
0.000000
0.878906
3.122559
1.508789
2.067871
1.569824
0.910645
0.000000
0.925293
0.727539
0.397949
1.298828
0.397949
1.416016
0.698242
0.000000
0.766602
0.698242
0.563965
0.983887
0.305176
1.289062
0.000000
0.700684
0.681152
1.091309
0.466309
1.247559
0.214844
1.181641
0.000000
0.224609
1.416016
0.329590
0.883789
0.471191
0.837402
0.000000
1.223145
0.603027
2.443848
0.673828
1.743164
0.471191
1.630859
0.000000
0.708008
1.547852
1.484375
0.522461
1.660156
0.625000
0.981445
0.000000
0.610352
1.015625
1.108398
0.068359
0.466309
0.417480
0.000000
0.031738
0.114746
0.095215
0.053711
0.893555
0.000000
1.010742
0.000000
0.725098
1.687012
0.034180
1.618652
0.563965
1.381836
0.000000
1.154785
0.935059
2.185059
0.363770
2.060547
0.856934
1.708984
0.000000
0.964355
1.257324
0.986328
0.837402
1.750488
0.546875
0.000000
1.452637
1.386719
0.185547
0.576172
0.119629
0.080566
0.087891
0.000000
0.231934
0.112305
0.541992
0.449219
0.212402
0.366211
0.000000
0.224609
0.749512
0.639648
0.485840
0.112305
0.141602
0.649414
0.000000
0.471191
0.263672
0.710449
0.451660
0.217285
0.310059
0.000000
0.090332
0.126953
0.385742
0.151367
0.729980
0.458984
0.483398
0.000000
0.629883
0.043945
1.259766
1.442871
0.300293
0.178223
0.000000
0.063477
0.197754
0.031738
0.180664
0.065918
0.268555
0.410156
0.000000
0.112305
0.090332
0.207520
0.439453
0.847168
0.273438
0.136719
0.000000
0.168457
1.025391
1.005859
0.437012
1.196289
0.537109
0.000000
0.371094
0.666504
0.437012
0.095215
0.092773
0.397949
0.180664
0.000000
0.571289
0.705566
0.229492
0.729980
0.136719
0.090332
0.000000
0.527344
0.656738
0.068359
0.295410
0.810547
0.881348
0.217285
0.000000
0.317383
0.625000
0.205078
0.373535
0.739746
0.639648
0.000000
0.246582
0.085449
0.129395
0.195312
0.053711
0.097656
0.041504
0.000000
0.234375
0.505371
0.278320
0.021973
0.021973
0.227051
0.000000
0.270996
0.100098
0.388184
0.742188
1.000977
0.363770
0.380859
0.000000
0.310059
0.075684
0.466309
0.568848
0.148926
0.576172
0.000000
0.341797
0.190430
0.400391
0.158691
0.424805
0.131836
0.407715
0.000000
0.666504
0.517578
0.078125
0.014648
0.107422
0.029297
0.000000
0.012207
0.043945
0.021973
0.156250
0.104980
0.092773
0.227051
0.000000
0.109863
0.017090
0.644531
0.800781
0.375977
0.307617
0.302734
0.000000
0.520020
0.583496
0.598145
0.554199
0.844727
0.449219
0.000000
0.083008
0.292969
0.676270
0.161133
0.446777
0.346680
0.405273
0.000000
0.883789
0.327148
0.019531
0.034180
0.043945
0.007324
0.000000
0.104980
0.493164
0.437012
0.070801
0.578613
1.076660
0.153809
0.000000
0.996094
0.593262
0.678711
1.198730
0.429688
0.266113
0.000000
0.107422
0.783691
0.988770
0.114746
1.120605
0.793457
0.451660
0.000000
0.666504
0.004883
0.507812
0.422363
0.170898
0.024414
0.000000
0.361328
0.761719
0.363770
0.671387
0.668945
0.185547
0.366211
0.000000
0.488281
0.830078
0.124512
0.766602
0.109863
1.291504
0.000000
1.125488
0.576172
1.611328
0.480957
0.991211
1.320801
0.488281
0.000000
0.625000
0.690918
0.187988
0.788574
0.541992
0.258789
0.888672
0.000000
0.446777
0.585938
0.541992
0.307617
0.817871
0.659180
0.000000
0.270996
0.866699
0.031738
0.993652
0.993652
0.371094
0.605469
0.000000
0.781250
0.083008
0.678711
0.830078
1.013184
0.817871
0.000000
0.541992
1.689453
0.517578
1.391602
1.135254
0.412598
1.259766
0.000000
0.739746
0.026855
0.026855
0.087891
0.417480
0.493164
0.000000
0.0903