0.622559
0.190430
0.302734
0.317383
0.520020
0.102539
0.000000
0.490723
0.319824
0.014648
0.214844
0.095215
0.175781
0.207520
0.000000
0.097656
0.166016
0.344238
0.319824
0.822754
0.363770
0.000000
0.407715
0.168457
0.461426
0.153809
0.078125
0.180664
0.129395
0.000000
0.456543
0.231934
0.270996
0.019531
0.061035
0.173340
0.212402
0.000000
0.322266
0.539551
0.080566
0.112305
0.029297
0.109863
0.000000
0.500488
0.024414
0.358887
0.288086
0.632324
0.209961
0.100098
0.000000
0.129395
0.270996
0.039062
0.075684
0.156250
0.075684
0.000000
0.119629
0.136719
0.095215
0.585938
0.148926
0.366211
0.192871
0.000000
0.393066
0.236816
0.014648
0.244141
0.087891
0.073242
0.000000
0.175781
0.136719
0.029297
0.222168
0.339355
0.368652
0.234375
0.000000
0.417480
0.151367
0.195312
0.236816
0.166016
0.041504
0.000000
0.175781
0.363770
0.581055
0.412598
0.202637
0.119629
0.192871
0.000000
0.009766
0.041504
0.351562
0.444336
0.385742
0.231934
0.000000
0.012207
0.092773
0.173340
0.292969
0.263672
0.290527
0.295410
0.000000
0.456543
0.190430
0.419922
0.024414
0.146484
0.373535
0.207520
0.000000
0.561523
0.168457
0.073242
0.070801
0.229492
0.498047
0.000000
0.615234
0.007324
0.581055
0.134277
0.493164
0.136719
0.261230
0.000000
0.085449
0.009766
0.234375
0.261230
0.153809
0.417480
0.000000
0.141602
0.207520
0.109863
0.239258
0.361328
0.217285
0.043945
0.000000
0.490723
0.080566
0.136719
0.217285
0.317383
0.251465
0.000000
0.026855
0.234375
0.158691
0.021973
0.500488
0.021973
0.102539
0.000000
0.258789
0.583496
0.388184
0.117188
0.224609
0.253906
0.000000
0.292969
0.234375
0.209961
0.383301
0.161133
0.061035
0.231934
0.000000
0.129395
0.241699
0.385742
0.593262
0.217285
0.336914
0.000000
0.400391
0.476074
0.207520
0.104980
0.358887
0.329590
0.217285
0.000000
0.073242
0.134277
0.437012
0.292969
0.144043
0.305176
0.000000
0.112305
0.258789
0.283203
0.043945
0.012207
0.114746
0.239258
0.000000
0.485840
0.617676
0.288086
0.161133
0.112305
0.246582
0.019531
0.000000
0.202637
0.114746
0.007324
0.410156
0.576172
1.064453
0.000000
0.529785
0.017090
0.422363
0.358887
0.437012
0.500488
0.312500
0.000000
0.092773
0.139160
0.417480
0.119629
0.073242
0.107422
0.000000
0.207520
0.236816
0.251465
0.590820
0.588379
0.217285
0.041504
0.000000
0.432129
0.019531
0.180664
0.205078
0.058594
0.737305
0.000000
0.207520
0.385742
0.292969
0.285645
0.583496
0.253906
0.043945
0.000000
0.114746
0.273438
0.244141
0.578613
0.219727
0.263672
0.000000
0.300293
0.026855
0.285645
0.302734
0.241699
0.236816
0.178223
0.000000
0.852051
0.251465
0.053711
0.085449
0.065918
0.122070
0.000000
0.112305
0.158691
0.178223
0.258789
0.412598
0.007324
0.134277
0.000000
0.048828
0.563965
0.043945
0.363770
0.146484
0.305176
0.000000
0.065918
0.109863
0.190430
0.261230
0.310059
0.251465
0.095215
0.000000
0.319824
0.019531
0.205078
0.297852
0.187988
0.024414
0.151367
0.000000
0.043945
0.170898
0.546875
0.100098
0.249023
0.014648
0.000000
0.178223
0.012207
0.270996
0.195312
0.278320
0.620117
0.144043
0.000000
0.090332
0.085449
0.427246
0.024414
0.107422
0.134277
0.000000
0.119629
0.217285
0.332031
0.080566
0.434570
0.292969
0.083008
0.000000
0.070801
0.249023
0.231934
0.141602
0.041504
0.302734
0.000000
0.004883
0.141602
0.119629
0.432129
0.334473
0.231934
0.090332
0.000000
0.498047
0.012207
0.168457
0.239258
0.070801
0.671387
0.000000
0.241699
0.307617
0.139160
0.527344
0.705566
0.168457
0.419922
0.000000
0.236816
0.114746
0.090332
0.305176
0.073242
0.053711
0.000000
0.246582
0.043945
0.300293
0.454102
0.815430
0.065918
0.263672
0.000000
0.432129
0.388184
0.134277
0.085449
0.097656
0.090332
0.031738
0.000000
0.078125
0.068359
0.026855
0.002441
0.119629
0.141602
0.000000
0.002441
0.012207
0.004883
0.603027
0.529785
0.219727
0.131836
0.000000
0.319824
0.234375
0.046387
0.163574
0.063477
0.029297
0.000000
0.505371
0.815430
0.300293
0.153809
0.021973
0.166016
0.339355
0.000000
0.031738
0.063477
0.290527
0.166016
0.185547
0.397949
0.000000
0.026855
0.100098
0.065918
0.390625
0.168457
0.148926
0.073242
0.000000
0.310059
0.517578
0.493164
0.183105
0.373535
0.522461
0.000000
0.043945
0.686035
0.009766
0.061035
0.009766
0.444336
0.241699
0.000000
0.617676
0.112305
0.012207
0.141602
0.329590
0.161133
0.000000
0.058594
0.073242
0.371094
0.146484
0.056152
0.625000
0.385742
0.000000
0.178223
0.207520
0.393066
0.051270
0.163574
0.129395
0.000000
0.134277
0.183105
0.244141
0.395508
0.539551
0.039062
0.222168
0.000000
0.095215
0.178223
0.083008
0.253906
0.036621
0.014648
0.024414
0.000000
0.134277
0.322266
0.065918
0.520020
0.759277
0.368652
0.000000
0.180664
0.031738
0.092773
0.510254
0.222168
0.300293
0.454102
0.000000
0.000000
0.412598
0.351562
0.187988
0.014648
0.209961
0.000000
0.114746
0.039062
0.373535
0.458984
0.083008
0.310059
0.234375
0.000000
0.087891
0.114746
0.070801
0.112305
0.214844
0.292969
0.000000
0.478516
0.349121
0.395508
0.185547
0.102539
0.197754
0.085449
0.000000
0.229492
0.146484
0.449219
0.202637
0.205078
0.383301
0.000000
0.195312
0.070801
0.109863
0.024414
0.124512
0.292969
0.051270
0.000000
0.439453
0.332031
0.036621
0.432129
0.327148
0.017090
0.000000
0.144043
0.109863
0.085449
0.063477
0.095215
0.483398
0.148926
0.000000
0.478516
0.124512
0.302734
0.256348
0.456543
0.102539
0.097656
0.000000
0.366211
0.175781
0.078125
0.407715
0.078125
0.014648
0.000000
0.214844
0.283203
0.402832
0.209961
0.085449
0.373535
0.195312
0.000000
0.166016
0.019531
0.112305
0.158691
0.126953
0.429688
0.000000
0.302734
0.061035
0.075684
0.136719
0.134277
0.183105
0.458984
0.000000
0.187988
0.571289
0.205078
0.253906
0.173340
0.083008
0.000000
0.134277
0.146484
0.400391
0.549316
0.327148
0.251465
0.056152
0.000000
0.302734
0.014648
0.830078
0.424805
0.085449
0.056152
0.000000
0.388184
0.278320
0.336914
0.515137
0.148926
0.119629
0.207520
0.000000
0.307617
0.014648
0.424805
0.312500
0.063477
0.524902
0.000000
0.097656
0.305176
0.078125
0.639648
0.397949
0.815430
0.073242
0.000000
0.080566
0.207520
0.168457
0.397949
0.190430
0.153809
0.000000
0.104980
0.405273
0.092773
0.029297
0.266113
0.075684
0.058594
0.000000
0.393066
0.246582
0.139160
0.095215
0.385742
0.080566
0.104980
0.000000
0.297852
0.314941
0.075684
0.295410
0.488281
0.051270
0.000000
0.197754
0.205078
0.278320
0.144043
0.119629
0.112305
0.249023
0.000000
0.178223
0.090332
0.207520
0.058594
0.244141
0.014648
0.000000
0.212402
0.244141
0.168457
0.083008
0.241699
0.000000
0.000000
0.000000
0.178223
0.219727
0.278320
0.175781
0.356445
0.310059
0.000000
0.075684
0.146484
0.419922
0.642090
0.051270
0.146484
0.129395
0.000000
0.146484
0.144043
0.004883
0.278320
0.410156
0.053711
0.000000
0.346680
0.080566
0.048828
0.620117
0.139160
0.039062
0.151367
0.000000
0.156250
0.034180
0.065918
0.065918
0.014648
0.056152
0.000000
0.305176
0.043945
0.214844
0.249023
0.678711
0.241699
0.100098
0.000000
0.080566
0.134277
0.085449
0.380859
0.400391
0.346680
0.000000
0.292969
0.227051
0.314941
0.004883
0.336914
0.620117
0.185547
0.000000
0.197754
0.114746
0.180664
0.085449
0.034180
0.139160
0.200195
0.000000
0.021973
0.363770
0.288086
0.029297
0.163574
0.378418
0.000000
0.231934
0.048828
0.109863
0.148926
0.190430
0.073242
2.211914
0.000000
5.119629
0.556641
5.563965
3.007812
0.385742
0.036621
0.000000
0.061035
0.258789
0.153809
0.512695
0.720215
0.080566
0.314941
0.000000
0.561523
0.251465
0.947266
1.289062
0.646973
1.745605
0.000000
1.113281
0.461426
0.097656
0.378418
0.927734
0.429688
0.866699
0.000000
0.969238
0.092773
0.578613
0.114746
0.051270
0.600586
0.000000
0.678711
0.229492
0.393066
0.195312
0.073242
0.139160
0.043945
0.000000
0.390625
0.541992
0.114746
0.078125
0.476074
0.124512
0.000000
0.415039
0.571289
0.417480
0.490723
0.219727
0.498047
0.263672
0.000000
0.290527
0.041504
0.080566
0.246582
0.144043
0.268555
0.322266
0.000000
0.712891
0.585938
1.435547
0.275879
0.256348
0.051270
0.000000
0.561523
0.437012
0.488281
0.371094
0.305176
0.200195
0.195312
0.000000
0.166016
0.039062
0.256348
0.361328
0.161133
0.366211
0.000000
0.283203
0.241699
0.598145
0.312500
0.205078
0.153809
0.048828
0.000000
0.417480
0.012207
0.175781
0.317383
0.253906
0.126953
0.000000
0.212402
0.036621
0.512695
0.183105
0.432129
0.102539
0.163574
0.000000
0.024414
0.126953
0.534668
0.122070
0.290527
0.107422
0.000000
0.053711
0.275879
0.178223
0.075684
0.102539
0.051270
0.190430
0.000000
0.537109
0.144043
0.603027
0.305176
0.729980
0.754395
0.000000
0.546875
0.285645
0.478516
0.126953
0.566406
0.319824
0.644531
0.000000
0.083008
0.251465
0.039062
0.632324
0.568848
0.888672
0.000000
0.278320
0.454102
0.280762
0.603027
1.091309
0.063477
1.022949
0.000000
1.003418
0.161133
1.000977
0.051270
1.027832
0.332031
0.261230
0.000000
0.402832
0.019531
0.292969
0.170898
0.319824
0.034180
0.000000
0.012207
1.237793
0.432129
1.826172
0.441895
0.029297
0.017090
0.000000
0.864258
1.342773
0.539551
1.528320
0.551758
0.385742
0.000000
0.732422
0.571289
1.958008
0.561523
1.943359
0.263672
0.288086
0.000000
0.275879
0.258789
2.687988
0.034180
2.304688
0.207520
0.000000
0.861816
1.037598
0.764160
0.849609
0.375977
0.129395
1.398926
0.000000
0.590820
0.136719
0.354004
0.214844
0.385742
0.136719
0.000000
0.217285
0.649414
0.366211
0.083008
0.158691
0.380859
0.654297
0.000000
0.209961
0.095215
0.083008
0.361328
0.214844
0.051270
0.000000
0.222168
0.070801
0.231934
0.412598
0.117188
0.122070
0.305176
0.000000
0.217285
0.273438
0.180664
0.502930
0.913086
0.139160
0.878906
0.000000
0.270996
0.302734
0.822754
0.583496
0.305176
0.415039
0.000000
0.026855
0.278320
0.244141
0.458984
0.332031
0.156250
0.449219
0.000000
0.319824
0.104980
0.332031
1.235352
0.375977
0.627441
0.000000
0.058594
0.029297
0.466309
0.031738
0.192871
0.268555
0.163574
0.000000
0.556641
1.074219
0.808105
0.200195
0.549316
0.424805
0.000000
0.117188
0.791016
0.473633
0.422363
0.681152
0.395508
0.576172
0.000000
0.402832
0.148926
0.024414
0.112305
0.622559
0.344238
0.000000
0.029297
0.173340
0.827637
0.478516
0.366211
0.395508
0.151367
0.000000
0.366211
0.402832
0.378418
0.319824
0.095215
0.197754
0.000000
0.678711
0.793457
0.307617
0.021973
0.021973
1.123047
0.029297
0.000000
0.598145
0.324707
0.087891
0.383301
0.446777
0.595703
0.000000
0.761719
0.339355
0.800781
0.437012
0.065918
0.270996
0.380859
0.000000
0.422363
0.412598
0.458984
0.268555
0.517578
0.754395
0.324707
0.000000
0.295410
0.561523
0.278320
0.073242
0.295410
0.227051
0.000000
0.266113
0.341797
0.229492
0.278320
0.217285
0.224609
0.361328
0.000000
0.454102
0.219727
0.488281
0.559082
0.019531
0.292969
0.000000
0.175781
0.019531
0.322266
0.217285
0.275879
0.202637
0.371094
0.000000
0.026855
0.009766
0.239258
0.056152
0.441895
0.041504
0.000000
0.681152
0.153809
0.170898
0.034180
0.056152
0.207520
0.615234
0.000000
0.207520
0.075684
0.236816
0.849609
0.107422
0.620117
0.000000
0.808105
0.126953
0.222168
0.537109
0.087891
0.493164
0.129395
0.000000
0.095215
0.146484
0.261230
0.078125
0.466309
0.163574
0.000000
0.344238
0.278320
0.917969
0.043945
0.070801
0.390625
0.141602
0.000000
0.158691
0.158691
0.371094
0.046387
0.480957
0.432129
0.000000
0.146484
0.148926
0.305176
0.061035
0.317383
0.046387
0.146484
0.000000
0.505371
0.085449
0.292969
0.317383
0.124512
0.478516
0.292969
0.000000
0.324707
0.163574
0.256348
0.200195
0.090332
0.478516
0.000000
0.554199
0.571289
0.566406
0.522461
0.979004
0.158691
0.502930
0.000000
0.498047
0.449219
0.722656
0.068359
0.466309
0.344238
0.000000
0.563965
0.129395
0.246582
0.820312
0.349121
0.336914
0.097656
0.000000
0.156250
0.295410
0.070801
0.781250
0.444336
0.537109
0.000000
0.097656
0.478516
0.637207
0.805664
0.683594
0.012207
0.036621
0.000000
0.168457
0.541992
0.183105
0.251465
0.268555
0.295410
0.000000
0.175781
0.014648
0.480957
0.380859
0.251465
0.156250
0.261230
0.000000
0.437012
0.551758
0.463867
0.151367
0.214844
0.773926
0.000000
0.073242
0.083008
0.083008
0.371094
0.517578
0.051270
0.156250
0.000000
0.183105
0.585938
0.515137
0.004883
0.461426
0.134277
0.000000
0.031738
0.654297
0.488281
0.126953
0.339355
0.388184
0.551758
0.000000
0.424805
0.234375
0.043945
0.097656
0.085449
0.466309
0.427246
0.000000
0.063477
0.065918
0.178223
0.241699
0.214844
0.546875
0.000000
0.148926
0.063477
0.058594
0.017090
0.002441
0.270996
0.236816
0.000000
0.422363
0.388184
0.485840
0.219727
0.087891
1.062012
0.000000
1.003418
0.004883
0.502930
0.446777
0.441895
0.432129
0.510254
0.000000
0.554199
0.944824
0.083008
0.021973
0.046387
0.385742
0.000000
0.163574
0.209961
0.073242
0.085449
0.051270
0.278320
0.117188
0.000000
0.170898
0.234375
0.354004
0.671387
0.141602
0.351562
0.000000
0.124512
0.473633
0.085449
0.861816
0.527344
0.458984
0.671387
0.000000
0.673828
0.187988
0.690918
0.515137
0.290527
0.295410
0.000000
0.107422
0.014648
0.212402
0.256348
0.249023
0.305176
0.554199
0.000000
0.449219
0.058594
0.207520
0.156250
0.075684
0.100098
0.200195
0.000000
0.815430
0.183105
0.554199
0.659180
0.163574
1.110840
0.000000
0.676270
0.270996
0.974121
0.329590
0.380859
0.131836
0.095215
0.000000
0.205078
0.263672
0.288086
0.412598
0.546875
0.429688
0.000000
0.449219
0.178223
0.734863
0.217285
0.278320
0.131836
0.153809
0.000000
0.607910
0.258789
0.573730
0.312500
0.249023
0.117188
0.000000
0.173340
0.351562
0.217285
0.075684
0.578613
0.119629
0.273438
0.000000
0.610352
0.239258
0.725098
0.078125
0.151367
0.173340
0.000000
0.092773
0.104980
0.244141
0.263672
0.012207
0.261230
0.378418
0.000000
0.708008
0.168457
0.461426
0.305176
0.322266
0.488281
0.000000
0.187988
0.065918
0.449219
0.239258
0.063477
0.229492
0.168457
0.000000
0.878906
0.495605
0.451660
0.283203
0.710449
0.068359
0.222168
0.000000
0.153809
0.280762
0.583496
0.568848
0.100098
0.129395
0.000000
0.537109
0.043945
0.329590
0.017090
0.312500
0.397949
0.078125
0.000000
0.041504
0.314941
0.190430
0.441895
0.566406
0.187988
0.000000
0.563965
0.358887
0.004883
0.170898
0.258789
0.954590
0.402832
0.000000
0.222168
0.100098
0.007324
0.324707
0.236816
0.234375
0.000000
0.119629
0.063477
0.432129
0.219727
0.285645
0.561523
0.310059
0.000000
0.043945
0.432129
0.100098
0.358887
0.249023
0.329590
0.000000
0.410156
0.051270
0.683594
0.300293
0.703125
0.097656
0.163574
0.000000
0.073242
0.551758
0.449219
0.434570
0.498047
0.268555
0.000000
0.146484
0.236816
0.502930
0.153809
0.485840
0.187988
0.234375
0.000000
0.424805
0.329590
0.134277
0.017090
0.285645
0.021973
0.000000
0.651855
0.820312
0.637207
0.661621
0.520020
0.100098
0.446777
0.000000
0.451660
0.244141
0.070801
0.354004
0.212402
0.654297
0.258789
0.000000
0.373535
0.935059
0.246582
0.566406
0.146484
0.227051
0.000000
0.134277
0.051270
0.390625
0.075684
0.114746
0.285645
0.075684
0.000000
0.200195
0.109863
0.266113
0.476074
0.266113
0.168457
0.000000
0.061035
0.410156
0.046387
0.288086
0.161133
0.666504
0.673828
0.000000
0.517578
0.253906
0.527344
0.527344
0.097656
0.302734
0.000000
0.144043
0.515137
0.209961
0.717773
0.476074
0.385742
0.078125
0.000000
0.139160
0.568848
0.620117
0.563965
0.776367
0.222168
0.000000
0.075684
0.356445
0.930176
0.070801
0.563965
0.190430
0.092773
0.000000
0.266113
0.187988
0.476074
0.644531
0.270996
0.268555
0.000000
0.485840
0.437012
0.034180
0.654297
0.051270
0.119629
0.349121
0.000000
0.527344
0.480957
0.063477
0.175781
0.090332
0.310059
0.000000
0.466309
0.168457
0.114746
0.573730
0.476074
0.480957
0.083008
0.000000
0.024414
0.202637
0.339355
0.329590
0.710449
0.144043
0.302734
0.000000
0.405273
0.351562
0.236816
0.417480
0.078125
1.020508
0.000000
0.402832
0.039062
0.236816
0.222168
0.429688
0.390625
0.527344
0.000000
0.585938
0.893555
0.683594
0.588379
0.163574
0.588379
0.000000
0.585938
0.104980
0.036621
0.219727
0.156250
0.541992
0.327148
0.000000
0.324707
0.173340
0.288086
0.676270
0.036621
0.131836
0.000000
0.041504
0.217285
0.261230
0.283203
0.131836
0.031738
0.192871
0.000000
0.021973
0.085449
0.371094
0.300293
0.109863
0.866699
0.000000
0.737305
0.849609
0.339355
0.009766
0.622559
0.534668
0.234375
0.000000
0.124512
0.524902
0.373535
0.219727
0.607910
0.061035
0.000000
0.214844
0.036621
0.170898
0.839844
0.559082
0.009766
0.041504
0.000000
0.388184
0.371094
0.224609
0.104980
0.080566
0.395508
0.000000
0.654297
0.227051
0.041504
0.075684
0.874023
0.446777
0.410156
0.000000
0.065918
0.161133
0.891113
0.161133
0.039062
0.498047
0.109863
0.000000
0.117188
0.449219
0.554199
0.854492
0.625000
0.061035
0.000000
0.053711
0.158691
0.422363
0.214844
0.175781
0.136719
0.295410
0.000000
0.168457
0.222168
0.058594
0.651855
0.451660
0.112305
0.000000
0.007324
0.048828
0.317383
0.100098
0.063477
0.124512
0.217285
0.000000
0.087891
0.388184
0.051270
0.173340
0.449219
0.102539
0.000000
0.415039
0.241699
0.456543
0.551758
0.732422
0.197754
0.812988
0.000000
0.266113
0.461426
0.471191
0.664062
0.007324
0.217285
0.000000
0.217285
0.292969
0.173340
0.017090
0.227051
0.585938
0.991211
0.000000
0.322266
0.019531
0.212402
0.991211
0.070801
0.139160
0.000000
0.080566
0.302734
0.341797
0.300293
0.036621
0.537109
0.156250
0.000000
0.024414
0.197754
0.051270
0.002441
0.700684
0.893555
0.817871
0.000000
0.341797
0.361328
0.004883
0.009766
0.354004
0.136719
0.000000
0.112305
0.422363
0.317383
0.285645
0.090332
0.107422
0.449219
0.000000
0.197754
0.346680
0.480957
0.026855
1.335449
0.427246
0.000000
0.451660
0.048828
0.078125
0.334473
0.427246
0.402832
0.737305
0.000000
0.109863
0.202637
0.178223
0.043945
0.068359
0.151367
0.000000
0.051270
0.668945
0.085449
0.986328
0.649414
0.034180
0.380859
0.000000
0.192871
0.559082
0.522461
0.107422
0.563965
1.245117
0.000000
0.473633
0.112305
0.312500
0.156250
0.412598
0.385742
0.192871
0.000000
0.693359
0.319824
0.512695
0.446777
0.795898
0.734863
0.000000
0.173340
0.422363
0.673828
0.095215
0.087891
0.056152
0.280762
0.000000
0.124512
0.065918
0.085449
0.278320
0.080566
0.307617
0.000000
0.070801
0.048828
0.129395
0.175781
0.019531
0.292969
0.087891
0.000000
0.729980
0.661621
0.253906
0.068359
0.192871
0.559082
0.095215
0.000000
0.463867
0.310059
0.158691
0.703125
0.314941
0.307617
0.000000
0.212402
0.229492
0.178223
0.522461
0.610352
0.524902
0.300293
0.000000
0.725098
0.656738
0.793457
0.344238
0.944824
0.432129
0.000000
0.598145
0.139160
0.244141
1.044922
0.322266
0.031738
0.197754
0.000000
0.278320
0.046387
0.068359
0.432129
0.283203
0.158691
0.000000
0.258789
0.842285
0.249023
0.068359
0.344238
0.114746
0.231934
0.000000
0.351562
0.339355
0.427246
0.202637
0.070801
0.126953
0.000000
0.249023
0.056152
0.644531
0.327148
0.275879
0.356445
0.422363
0.000000
0.061035
0.119629
0.649414
0.007324
0.239258
0.095215
0.000000
0.764160
0.195312
0.361328
0.031738
0.207520
0.244141
0.041504
0.000000
0.166016
0.493164
0.061035
0.312500
0.090332
0.051270
0.180664
0.000000
0.300293
0.197754
0.046387
0.107422
1.020508
0.363770
0.000000
0.114746
0.288086
0.166016
0.185547
0.000000
0.354004
0.527344
0.000000
0.693359
0.004883
0.273438
0.109863
0.270996
0.727539
0.000000
0.007324
0.068359
0.563965
0.090332
0.158691
0.009766
0.234375
0.000000
0.393066
0.046387
0.114746
0.175781
0.439453
0.073242
0.000000
0.241699
0.075684
0.473633
0.209961
0.053711
0.207520
0.102539
0.000000
0.043945
0.261230
0.153809
0.346680
0.473633
0.256348
0.000000
0.109863
0.463867
0.344238
0.185547
0.053711
0.346680
0.107422
0.000000
0.048828
0.043945
0.292969
0.100098
0.034180
0.268555
0.000000
0.319824
0.109863
0.170898
0.107422
0.158691
0.192871
0.036621
0.000000
0.012207
0.422363
0.285645
0.400391
0.209961
0.141602
0.000000
0.390625
0.104980
0.317383
0.139160
0.107422
0.031738
0.549316
0.000000
0.505371
0.290527
0.478516
0.295410
0.803223
0.068359
0.117188
0.000000
0.214844
0.070801
0.268555
0.170898
0.336914
0.075684
0.000000
0.261230
0.031738
0.192871
0.273438
0.122070
0.131836
0.148926
0.000000
0.163574
0.034180
0.087891
0.451660
0.156250
0.039062
0.000000
0.095215
0.014648
0.095215
0.180664
0.041504
0.336914
0.207520
0.000000
0.515137
0.080566
0.073242
0.537109
0.539551
0.007324
0.000000
0.241699
0.871582
0.168457
0.166016
0.114746
0.734863
0.148926
0.000000
0.322266
0.158691
0.046387
0.153809
0.627441
0.625000
0.000000
0.476074
0.146484
0.698242
0.817871
0.034180
0.031738
0.183105
0.000000
0.334473
0.158691
0.512695
0.695801
0.109863
0.007324
0.000000
0.268555
0.202637
0.087891
0.087891
0.129395
0.576172
0.339355
0.000000
0.043945
0.263672
0.358887
0.102539
0.104980
0.236816
0.000000
0.288086
0.253906
0.554199
0.080566
0.236816
0.317383
0.673828
0.000000
0.207520
0.568848
0.329590
0.083008
0.083008
0.012207
0.439453
0.000000
0.607910
0.336914
0.407715
0.075684
0.039062
0.212402
0.000000
0.229492
0.085449
0.351562
0.070801
0.095215
0.212402
0.441895
0.000000
0.012207
0.046387
0.339355
0.878906
0.117188
0.651855
0.000000
0.134277
0.439453
0.634766
0.908203
0.239258
0.791016
0.419922
0.000000
0.124512
0.187988
0.031738
0.251465
0.190430
0.393066
0.000000
0.122070
0.219727
0.168457
0.432129
0.231934
0.539551
0.500488
0.000000
0.131836
0.334473
0.058594
0.400391
0.478516
0.356445
0.000000
0.114746
0.129395
0.441895
0.429688
0.134277
0.009766
0.075684
0.000000
0.209961
0.083008
0.278320
0.585938
0.329590
0.534668
0.000000
0.107422
0.412598
0.434570
0.615234
0.305176
0.439453
0.224609
0.000000
0.070801
0.212402
0.144043
0.131836
0.341797
0.407715
0.314941
0.000000
0.261230
0.322266
0.417480
0.356445
0.024414
0.192871
0.000000
0.014648
0.383301
0.339355
0.104980
0.239258
0.185547
0.368652
0.000000
0.058594
0.078125
0.637207
0.178223
0.051270
0.097656
0.000000
0.297852
0.290527
0.078125
0.568848
0.168457
0.295410
0.202637
0.000000
0.197754
0.263672
0.007324
0.078125
0.444336
0.200195
0.000000
0.173340
0.307617
0.100098
0.278320
0.224609
0.090332
0.361328
0.000000
0.314941
0.344238
0.112305
0.283203
0.075684
0.507812
0.000000
0.739746
0.402832
0.107422
0.239258
0.383301
0.151367
0.473633
0.000000
0.300293
0.515137
0.178223
0.141602
0.205078
0.429688
0.000000
0.310059
0.058594
0.375977
0.109863
0.021973
0.253906
0.417480
0.000000
0.107422
0.104980
0.351562
0.104980
0.432129
0.329590
0.000000
0.092773
0.380859
0.119629
0.971680
0.129395
0.065918
0.197754
0.000000
0.222168
0.019531
0.334473
0.493164
0.224609
0.073242
0.129395
0.000000
0.004883
0.212402
0.104980
0.051270
0.571289
0.114746
0.000000
0.036621
0.144043
0.402832
0.048828
0.195312
0.141602
0.441895
0.000000
0.083008
0.788574
0.349121
0.366211
0.476074
0.205078
0.000000
0.068359
0.202637
0.717773
1.059570
0.288086
0.742188
0.046387
0.000000
0.437012
0.419922
0.468750
0.183105
0.209961
0.083008
0.000000
0.073242
0.422363
0.393066
0.048828
0.109863
0.729980
0.310059
0.000000
0.080566
0.439453
0.979004
0.280762
0.222168
0.187988
0.000000
0.397949
0.185547
0.251465
0.012207
0.183105
0.136719
0.371094
0.000000
0.502930
0.141602
0.136719
0.061035
0.461426
0.156250
0.000000
0.124512
0.195312
0.520020
0.151367
0.170898
0.129395
0.312500
0.000000
0.341797
0.424805
0.053711
0.493164
0.278320
0.429688
0.236816
0.000000
0.668945
0.278320
0.112305
0.085449
0.002441
0.175781
0.000000
0.820312
0.041504
0.292969
0.283203
0.410156
0.278320
0.405273
0.000000
0.046387
0.449219
0.742188
0.390625
0.087891
0.805664
0.000000
0.319824
0.661621
0.400391
0.290527
0.312500
0.068359
0.107422
0.000000
0.073242
0.131836
0.134277
0.319824
0.148926
0.300293
0.000000
0.463867
0.263672
0.156250
0.119629
0.634766
0.087891
0.212402
0.000000
0.224609
0.925293
0.498047
0.209961
0.212402
0.253906
0.000000
0.297852
0.336914
0.166016
0.446777
0.373535
0.070801
0.507812
0.000000
0.778809
0.534668
0.258789
0.280762
0.007324
0.205078
0.000000
0.117188
0.346680
0.192871
0.419922
0.068359
0.505371
0.119629
0.000000
0.151367
0.417480
0.380859
0.183105
0.424805
0.439453
0.000000
0.598145
0.168457
0.258789
0.009766
0.163574
0.207520
0.432129
0.000000
0.012207
0.524902
0.307617
0.261230
0.300293
0.080566
0.156250
0.000000
0.229492
0.517578
0.043945
0.078125
0.402832
0.168457
0.000000
0.222168
0.625000
0.058594
0.754395
0.454102
0.527344
0.024414
0.000000
0.468750
0.090332
0.422363
0.312500
0.227051
0.212402
0.000000
0.097656
0.451660
0.864258
0.563965
0.983887
0.014648
0.273438
0.000000
0.095215
0.146484
0.771484
0.639648
0.405273
0.039062
0.000000
0.268555
0.087891
0.742188
0.046387
0.012207
0.053711
0.068359
0.000000
0.468750
0.263672
0.104980
0.297852
0.217285
0.048828
0.000000
0.295410
0.270996
1.096191
0.090332
0.073242
0.368652
0.046387
0.000000
0.024414
0.048828
0.458984
0.368652
0.146484
0.024414
0.000000
0.222168
0.129395
0.131836
0.620117
0.041504
0.593262
0.373535
0.000000
0.202637
0.053711
0.708008
0.327148
0.446777
0.229492
0.000000
0.122070
0.109863
0.334473
0.368652
0.373535
0.295410
0.061035
0.000000
0.505371
0.019531
0.249023
0.209961
0.163574
0.395508
0.131836
0.000000
0.505371
0.244141
0.407715
0.358887
0.583496
0.175781
0.000000
0.090332
0.104980
0.434570
0.170898
0.327148
0.649414
0.014648
0.000000
0.351562
0.217285
0.458984
0.461426
0.231934
0.390625
0.000000
0.175781
0.000000
0.417480
0.253906
0.126953
0.686035
0.004883
0.000000
0.202637
0.197754
0.551758
0.065918
0.380859
0.273438
0.000000
0.219727
0.224609
0.524902
0.175781
0.424805
0.344238
0.795898
0.000000
0.102539
0.270996
0.185547
0.205078
0.129395
0.031738
0.000000
0.092773
0.427246
0.026855
0.556641
0.432129
0.981445
0.119629
0.000000
0.307617
0.053711
0.402832
0.185547
0.925293
0.073242
0.000000
0.346680
0.190430
0.654297
0.881348
0.229492
0.134277
0.773926
0.000000
0.368652
0.153809
0.180664
0.266113
0.200195
0.205078
0.000000
0.410156
0.075684
0.183105
0.178223
0.683594
0.034180
0.156250
0.000000
0.014648
0.380859
0.236816
0.148926
0.029297
0.170898
0.336914
0.000000
0.075684
0.124512
0.273438
0.529785
0.307617
0.407715
0.000000
0.112305
0.004883
0.798340
0.278320
0.769043
0.009766
0.095215
0.000000
0.319824
0.236816
0.131836
0.319824
0.100098
0.129395
0.000000
0.117188
0.664062
0.043945
0.131836
0.046387
0.234375
0.195312
0.000000
0.100098
0.256348
0.114746
0.175781
0.632324
0.195312
0.000000
0.031738
0.175781
0.388184
0.290527
0.236816
0.917969
0.605469
0.000000
0.510254
0.214844
0.354004
0.666504
0.151367
0.253906
0.000000
0.139160
0.061035
0.141602
0.148926
0.534668
0.290527
0.236816
0.000000
0.546875
0.522461
0.212402
0.405273
0.180664
0.295410
0.000000
0.085449
0.214844
0.537109
0.612793
0.329590
0.134277
0.456543
0.000000
0.930176
0.322266
0.288086
0.026855
0.380859
0.058594
0.817871
0.000000
0.092773
0.280762
0.004883
0.151367
0.688477
0.085449
0.000000
0.322266
0.187988
0.314941
0.202637
0.051270
0.109863
0.522461
0.000000
0.493164
0.024414
0.168457
0.756836
0.029297
0.209961
0.000000
0.395508
0.791016
0.336914
0.175781
0.517578
0.268555
0.024414
0.000000
0.332031
0.053711
0.361328
0.563965
0.141602
0.273438
0.000000
0.014648
0.168457
0.402832
0.517578
0.598145
0.129395
0.270996
0.000000
0.183105
0.297852
0.834961
0.043945
0.292969
0.368652
0.000000
0.356445
0.043945
0.234375
0.114746
0.053711
0.319824
0.202637
0.000000
0.654297
0.522461
0.236816
0.024414
0.317383
0.046387
0.000000
0.195312
0.419922
0.244141
0.100098
0.053711
0.234375
0.134277
0.000000
0.085449
0.407715
0.134277
0.139160
0.417480
0.683594
0.000000
0.126953
0.056152
0.285645
0.478516
0.354004
0.202637
0.327148
0.000000
0.151367
0.375977
0.058594
0.634766
0.202637
0.632324
0.390625
0.000000
0.341797
0.454102
0.522461
0.351562
0.571289
0.432129
0.000000
0.014648
0.085449
0.239258
0.268555
0.104980
0.175781
0.239258
0.000000
0.222168
0.012207
0.202637
0.402832
0.014648
0.170898
0.000000
0.424805
0.446777
0.742188
0.131836
0.026855
0.119629
0.266113
0.000000
0.117188
0.390625
0.095215
0.102539
0.239258
0.161133
0.000000
0.053711
0.190430
0.251465
0.444336
0.139160
0.217285
0.437012
0.000000
0.422363
0.795898
0.446777
0.437012
0.270996
0.102539
0.000000
0.385742
0.483398
0.388184
0.273438
0.126953
0.173340
0.690918
0.000000
0.173340
0.678711
0.559082
0.180664
0.437012
0.153809
0.000000
0.258789
0.334473
0.090332
0.231934
0.058594
0.217285
0.241699
0.000000
0.683594
0.063477
0.085449
0.407715
0.141602
0.617676
0.144043
0.000000
0.324707
0.295410
0.187988
0.305176
0.449219
0.195312
0.000000
0.295410
0.241699
0.461426
0.844727
0.109863
0.241699
0.236816
0.000000
0.671387
0.227051
0.104980
0.151367
0.334473
0.280762
0.000000
0.087891
0.173340
0.212402
0.351562
0.534668
0.366211
0.397949
0.000000
0.139160
0.168457
0.397949
0.229492
0.021973
0.004883
0.000000
0.302734
0.043945
0.173340
0.466309
0.544434
0.407715
0.058594
0.000000
0.307617
0.895996
0.102539
0.568848
0.180664
0.175781
0.000000
0.546875
0.275879
0.185547
0.563965
0.341797
0.241699
0.229492
0.000000
0.522461
0.219727
0.314941
0.375977
0.698242
0.390625
0.000000
0.603027
1.142578
0.046387
0.629883
0.751953
0.480957
0.566406
0.000000
0.344238
0.122070
0.302734
0.546875
0.002441
0.229492
0.000000
0.166016
0.209961
0.134277
0.449219
0.627441
0.456543
0.588379
0.000000
0.651855
0.004883
0.075684
0.205078
0.319824
0.212402
0.039062
0.000000
0.075684
0.227051
0.319824
0.046387
0.859375
0.148926
0.000000
0.402832
0.354004
0.551758
0.000000
0.456543
0.168457
0.463867
0.000000
0.573730
0.588379
0.354004
0.202637
0.046387
0.329590
0.000000
0.151367
0.295410
0.136719
0.397949
0.129395
0.732422
0.341797
0.000000
0.207520
0.485840
0.476074
0.437012
0.080566
0.231934
0.000000
0.217285
0.148926
0.136719
0.715332
0.244141
0.253906
0.280762
0.000000
0.175781
0.241699
0.205078
0.163574
0.336914
0.053711
0.000000
0.607910
0.224609
1.027832
0.737305
0.314941
0.146484
1.093750
0.000000
0.576172
0.512695
0.556641
0.817871
0.605469
2.072754
0.000000
0.288086
0.412598
0.637207
0.449219
0.888672
0.129395
0.415039
0.000000
0.417480
0.332031
0.378418
0.349121
0.275879
0.549316
0.205078
0.000000
0.017090
0.324707
0.100098
0.043945
0.537109
0.048828
0.000000
0.620117
0.837402
0.507812
0.454102
0.100098
0.002441
0.595703
0.000000
0.158691
0.317383
0.983887
0.400391
0.236816
0.700684
0.000000
0.437012
0.986328
0.766602
1.530762
0.017090
0.683594
0.319824
0.000000
0.646973
0.290527
0.163574
0.083008
0.820312
0.053711
0.000000
0.056152
0.427246
0.866699
0.131836
0.200195
0.292969
0.170898
0.000000
0.246582
0.144043
0.234375
0.256348
0.390625
0.114746
0.000000
0.053711
0.266113
0.085449
0.192871
0.158691
0.061035
0.520020
0.000000
0.456543
0.214844
0.061035
0.114746
0.168457
0.683594
0.000000
0.073242
0.026855
0.339355
0.712891
0.007324
0.173340
0.031738
0.000000
0.412598
0.192871
0.026855
0.324707
0.061035
0.026855
0.000000
0.146484
0.339355
0.415039
0.388184
0.168457
0.080566
0.002441
0.000000
0.166016
0.673828
0.317383
0.424805
0.122070
0.156250
0.595703
0.000000
0.068359
0.212402
0.078125
0.319824
0.258789
0.053711
0.000000
0.026855
0.109863
0.266113
0.544434
0.190430
0.168457
0.537109
0.000000
0.620117
0.341797
0.273438
0.290527
0.441895
0.358887
0.000000
0.798340
0.227051
0.664062
0.612793
0.256348
0.595703
0.268555
0.000000
0.200195
0.288086
0.131836
0.070801
0.241699
0.397949
0.000000
0.087891
0.312500
0.383301
0.227051
0.363770
0.117188
0.390625
0.000000
0.422363
0.124512
0.441895
0.334473
0.017090
0.441895
0.000000
0.012207
0.109863
0.598145
0.385742
0.119629
0.227051
0.463867
0.000000
0.019531
0.258789
0.434570
0.063477
1.428223
1.013184
0.000000
0.734863
0.336914
0.698242
0.712891
0.146484
0.559082
0.358887
0.000000
0.449219
0.903320
0.693359
1.047363
0.793457
0.549316
0.000000
1.447754
0.183105
0.205078
0.434570
0.356445
0.144043
0.261230
0.000000
0.280762
1.010742
0.270996
0.231934
0.075684
0.041504
0.651855
0.000000
0.065918
0.278320
0.351562
0.241699
0.620117
0.339355
0.000000
0.637207
0.058594
0.451660
0.134277
0.163574
0.366211
0.183105
0.000000
0.161133
0.590820
0.017090
0.278320
0.190430
0.434570
0.000000
0.673828
0.095215
0.817871
0.561523
0.742188
0.034180
0.793457
0.000000
0.788574
0.139160
0.231934
0.219727
0.576172
0.251465
0.000000
0.224609
1.032715
0.671387
1.079102
0.578613
0.708008
0.795898
0.000000
2.221680
0.698242
1.721191
3.127441
0.561523
1.699219
0.000000
1.674805
0.056152
1.074219
0.900879
0.393066
0.278320
0.771484
0.000000
0.180664
0.920410
0.351562
0.666504
0.424805
0.478516
0.000000
0.122070
0.524902
0.537109
0.207520
0.229492
0.024414
0.278320
0.000000
0.156250
0.563965
0.056152
0.349121
0.656738
0.266113
0.000000
0.056152
0.283203
0.085449
0.322266
0.622559
0.104980
0.405273
0.000000
0.593262
0.061035
0.051270
0.212402
0.246582
0.729980
0.297852
0.000000
0.156250
0.112305
0.075684
0.185547
0.629883
0.041504
0.000000
0.131836
0.473633
0.930176
0.043945
0.737305
0.209961
0.417480
0.000000
0.224609
1.298828
0.134277
0.166016
0.646973
0.080566
0.000000
0.451660
0.361328
0.288086
0.102539
0.170898
0.251465
0.183105
0.000000
0.148926
0.256348
0.529785
0.212402
0.019531
0.346680
0.000000
0.493164
0.002441
0.734863
0.043945
0.019531
0.253906
0.463867
0.000000
0.249023
0.031738
0.280762
0.268555
0.290527
0.275879
0.000000
0.407715
0.505371
0.490723
0.297852
0.439453
0.302734
0.380859
0.000000
0.397949
0.341797
0.244141
0.690918
0.270996
0.600586
0.000000
0.476074
0.375977
0.270996
0.014648
0.346680
0.222168
0.322266
0.000000
0.385742
0.517578
0.256348
0.534668
0.708008
0.378418
0.603027
0.000000
0.681152
0.014648
0.214844
0.039062
0.075684
0.024414
0.000000
0.107422
0.170898
0.183105
0.092773
0.151367
0.612793
0.664062
0.000000
0.285645
0.202637
0.209961
0.270996
0.441895
0.073242
0.000000
0.771484
0.310059
0.183105
0.144043
0.324707
0.153809
0.468750
0.000000
0.014648
0.192871
0.014648
0.288086
0.273438
0.058594
0.000000
0.021973
0.056152
0.410156
0.014648
0.214844
0.412598
0.668945
0.000000
0.068359
0.644531
0.302734
0.415039
0.041504
0.068359
0.000000
0.017090
0.031738
0.178223
0.322266
0.239258
0.151367
0.173340
0.000000
0.905762
1.582031
0.710449
1.423340
0.068359
0.312500
0.000000
0.761719
0.573730
0.109863
0.419922
0.158691
0.031738
0.234375
0.000000
0.214844
0.949707
0.285645
0.024414
0.148926
0.324707
0.095215
0.000000
0.046387
0.046387
0.327148
0.029297
0.197754
0.422363
0.000000
0.302734
0.051270
0.312500
0.058594
0.031738
0.520020
0.036621
0.000000
0.363770
0.075684
0.375977
0.405273
0.004883
0.795898
0.000000
0.200195
0.434570
0.004883
0.266113
0.002441
0.222168
0.087891
0.000000
0.200195
0.029297
0.065918
0.056152
0.085449
0.202637
0.000000
0.017090
0.119629
0.246582
1.501465
3.200684
1.684570
2.648926
0.000000
1.936035
0.759277
2.346191
0.195312
1.486816
0.661621
0.000000
0.874023
0.444336
0.222168
0.568848
0.261230
0.197754
0.070801
0.000000
0.004883
0.825195
0.417480
0.434570
0.427246
0.466309
0.000000
0.007324
0.488281
0.019531
0.117188
0.424805
0.256348
0.400391
0.000000
0.207520
0.019531
0.541992
0.585938
1.105957
0.229492
0.000000
0.847168
1.064453
0.061035
0.336914
0.041504
0.036621
0.102539
0.000000
0.029297
0.839844
0.270996
0.463867
0.295410
0.112305
0.004883
0.000000
0.297852
0.026855
0.222168
0.314941
0.139160
0.827637
0.000000
0.214844
0.192871
0.053711
0.187988
0.595703
0.273438
0.737305
0.000000
2.302246
0.842285
3.374023
0.097656
0.722656
0.517578
0.000000
0.187988
0.922852
0.170898
1.069336
0.031738
0.783691
0.612793
0.000000
0.036621
0.703125
0.119629
0.026855
0.053711
1.418457
0.000000
0.185547
0.610352
0.771484
0.546875
0.649414
0.588379
0.903320
0.000000
0.136719
0.266113
0.144043
0.217285
0.158691
0.163574
0.000000
0.288086
0.031738
0.214844
0.056152
0.156250
0.346680
0.029297
0.000000
0.068359
0.681152
0.480957
0.007324
0.134277
0.190430
0.000000
0.612793
0.048828
0.046387
0.112305
0.129395
0.688477
0.212402
0.000000
0.368652
0.014648
0.439453
0.407715
0.153809
0.012207
0.000000
0.041504
0.102539
0.004883
0.124512
0.327148
0.017090
0.102539
0.000000
0.048828
0.253906
0.187988
0.141602
0.051270
0.017090
0.327148
0.000000
0.312500
0.107422
0.129395
0.295410
0.014648
0.004883
0.000000
0.429688
0.446777
0.036621
0.402832
0.324707
0.097656
0.241699
0.000000
0.151367
0.427246
0.019531
0.012207
0.209961
0.080566
0.000000
0.366211
0.068359
0.104980
0.117188
0.227051
0.104980
0.087891
0.000000
0.187988
0.637207
0.358887
0.375977
0.109863
0.039062
0.000000
0.292969
0.039062
0.063477
0.036621
0.034180
0.498047
0.068359
0.000000
0.388184
0.073242
0.058594
0.002441
0.019531
0.437012
0.000000
0.383301
0.117188
0.129395
0.075684
0.378418
0.090332
0.061035
0.000000
0.063477
0.263672
0.229492
0.207520
0.190430
0.019531
0.000000
0.454102
0.007324
0.026855
0.361328
0.488281
0.051270
0.422363
0.000000
1.701660
0.236816
1.511230
0.361328
0.190430
0.795898
0.000000
0.495605
0.126953
0.415039
0.510254
0.761719
0.402832
0.588379
0.000000
0.771484
0.563965
0.158691
0.251465
1.269531
0.664062
0.131836
0.000000
0.158691
1.354980
0.778809
0.593262
0.512695
0.036621
0.000000
0.390625
0.161133
0.170898
0.061035
0.693359
0.173340
1.162109
0.000000
0.925293
0.004883
0.395508
0.322266
0.722656
0.354004
0.000000
0.073242
0.649414
0.241699
0.795898
0.141602
0.270996
0.541992
0.000000
0.380859
0.075684
0.761719
0.031738
0.439453
0.114746
0.000000
0.156250
0.212402
0.170898
0.214844
0.180664
0.410156
0.031738
0.000000
0.087891
0.649414
0.573730
0.158691
0.310059
0.029297
0.000000
0.087891
1.015625
0.095215
0.502930
0.427246
0.085449
0.441895
0.000000
0.017090
0.107422
0.112305
0.322266
0.095215
0.039062
0.000000
0.075684
0.202637
0.449219
0.073242
0.473633
0.805664
0.810547
0.000000
0.949707
1.252441
0.124512
1.440430
0.158691
0.419922
0.141602
0.000000
0.314941
0.410156
0.058594
0.476074
0.527344
1.176758
0.000000
0.002441
1.018066
0.217285
0.590820
0.278320
1.467285
1.340332
0.000000
0.212402
0.686035
0.458984
0.976562
0.366211
0.834961
0.000000
0.463867
0.571289
0.617676
0.334473
0.473633
0.366211
0.327148
0.000000
0.429688
0.756836
0.085449
0.576172
0.388184
0.803223
0.000000
0.012207
0.239258
0.385742
0.283203
0.283203
0.375977
0.268555
0.000000
0.415039
0.273438
0.231934
0.024414
0.126953
0.324707
0.000000
0.292969
0.324707
0.585938
0.014648
0.078125
0.256348
0.083008
0.000000
0.075684
0.017090
0.222168
0.017090
0.075684
0.073242
0.000000
0.373535
0.407715
0.214844
0.273438
0.078125
0.124512
0.246582
0.000000
0.588379
1.064453
0.378418
0.932617
0.065918
0.205078
0.000000
0.361328
0.273438
0.195312
0.141602
0.270996
0.100098
0.058594
0.000000
0.246582
0.346680
0.310059
0.888672
0.227051
0.246582
0.161133
0.000000
0.312500
0.136719
0.434570
1.806641
0.922852
2.087402
0.000000
1.442871
1.113281
0.317383
1.394043
1.242676
0.117188
0.681152
0.000000
0.202637
0.578613
0.256348
0.703125
0.107422
0.036621
0.000000
0.559082
0.927734
0.327148
0.488281
0.097656
0.412598
0.200195
0.000000
1.083984
0.275879
0.195312
0.554199
0.078125
0.117188
0.000000
0.512695
0.036621
0.219727
0.114746
0.019531
0.485840
0.068359
0.000000
0.146484
0.517578
0.976562
0.498047
0.083008
0.202637
0.000000
0.363770
0.034180
0.441895
0.444336
0.729980
0.209961
0.168457
0.000000
0.441895
0.488281
0.100098
0.124512
0.646973
0.229492
0.000000
0.446777
0.554199
0.534668
0.976562
0.549316
0.354004
0.002441
0.000000
0.085449
0.783691
0.073242
0.246582
0.332031
0.312500
0.458984
0.000000
0.266113
0.524902
0.319824
0.117188
0.415039
0.114746
0.000000
0.197754
0.102539
0.258789
0.122070
0.156250
0.334473
1.027832
0.000000
0.378418
0.417480
0.139160
0.441895
0.119629
0.837402
0.000000
0.427246
0.581055
0.090332
0.163574
0.163574
0.107422
0.041504
0.000000
0.439453
0.644531
0.485840
0.085449
0.166016
0.185547
0.000000
0.043945
0.693359
0.673828
0.478516
0.163574
0.363770
0.432129
0.000000
0.031738
0.102539
0.302734
0.886230
0.100098
0.170898
0.000000
0.139160
0.349121
0.458984
0.192871
0.959473
0.068359
0.793457
0.000000
0.012207
1.357422
0.556641
0.739746
0.603027
1.279297
0.000000
0.661621
0.722656
0.356445
1.291504
0.302734
1.057129
0.373535
0.000000
1.340332
0.852051
0.759277
1.203613
0.385742
1.000977
0.000000
0.878906
0.439453
0.644531
0.026855
0.085449
0.100098
0.622559
0.000000
0.273438
0.124512
0.139160
0.383301
0.317383
0.131836
0.212402
0.000000
0.166016
0.187988
0.708008
0.541992
0.676270
0.227051
0.000000
0.048828
0.039062
0.068359
0.144043
0.026855
0.700684
0.595703
0.000000
0.092773
0.627441
0.258789
0.478516
0.031738
0.327148
0.000000
0.400391
0.073242
0.285645
0.092773
0.041504
0.236816
0.246582
0.000000
0.136719
0.534668
0.490723
0.476074
0.017090
0.314941
0.000000
0.422363
0.065918
0.190430
1.215820
0.163574
0.000000
0.007324
0.000000
0.151367
0.249023
0.136719
0.781250
0.751953
0.231934
0.000000
0.671387
0.541992
0.183105
0.207520
0.087891
0.305176
0.026855
0.000000
0.339355
0.515137
0.039062
0.092773
0.036621
0.368652
0.000000
0.314941
0.131836
0.046387
0.275879
0.302734
0.217285
0.168457
0.000000
0.520020
0.024414
0.664062
0.002441
0.087891
0.087891
0.000000
0.117188
0.134277
0.129395
0.327148
0.329590
0.236816
0.307617
0.000000
0.859375
0.441895
0.402832
0.021973
0.051270
0.170898
0.461426
0.000000
0.095215
0.258789
0.339355
0.332031
0.739746
0.334473
0.000000
0.705566
0.251465
0.314941
0.026855
0.019531
0.031738
0.524902
0.000000
0.156250
0.395508
0.451660
0.288086
0.051270
0.153809
0.000000
0.161133
0.061035
0.012207
0.668945
0.036621
0.168457
0.119629
0.000000
0.041504
0.532227
0.017090
0.219727
0.349121
0.209961
0.000000
0.141602
0.236816
0.080566
0.065918
0.390625
0.302734
0.371094
0.000000
0.708008
0.759277
0.612793
0.451660
0.041504
0.710449
0.000000
0.639648
0.429688
0.278320
0.266113
0.170898
0.268555
0.173340
0.000000
0.048828
0.510254
0.031738
0.324707
0.002441
0.288086
0.000000
0.046387
0.241699
0.573730
0.278320
0.000000
0.383301
0.085449
0.000000
0.144043
0.095215
0.227051
0.122070
0.056152
0.285645
0.527344
0.000000
0.214844
0.056152
0.432129
0.253906
0.144043
0.002441
0.000000
0.219727
0.617676
0.144043
1.330566
0.480957
1.088867
0.351562
0.000000
0.830078
0.751953
0.275879
0.693359
0.239258
0.493164
0.000000
0.280762
0.849609
0.937500
0.485840
0.134277
0.139160
0.112305
0.000000
0.261230
0.249023
0.307617
0.859375
0.341797
0.554199
0.000000
0.043945
0.244141
0.236816
0.405273
0.764160
0.043945
0.622559
0.000000
0.961914
0.244141
0.566406
0.009766
0.224609
0.444336
0.000000
0.200195
0.400391
0.236816
0.324707
0.541992
0.397949
0.104980
0.000000
0.219727
0.063477
0.571289
0.439453
0.124512
0.158691
0.000000
0.048828
0.356445
0.600586
0.029297
0.034180
0.063477
0.546875
0.000000
0.209961
0.046387
0.727539
0.302734
0.080566
0.910645
0.000000
0.156250
0.253906
0.344238
0.192871
0.285645
0.510254
0.112305
0.000000
0.065918
0.949707
0.061035
0.444336
0.891113
0.332031
0.170898
0.000000
0.187988
0.256348
0.087891
1.188965
0.156250
0.585938
0.000000
0.483398
0.168457
0.014648
0.122070
0.063477
0.031738
0.197754
0.000000
0.139160
0.688477
0.075684
0.039062
0.571289
0.815430
0.000000
0.607910
0.205078
0.056152
0.625000
0.024414
0.249023
0.024414
0.000000
0.249023
0.251465
0.241699
0.007324
0.939941
0.139160
0.000000
0.180664
0.327148
0.075684
0.017090
0.417480
0.070801
0.432129
0.000000
0.012207
0.046387
0.080566
0.358887
0.021973
0.056152
0.000000
0.031738
0.268555
0.598145
0.234375
0.629883
0.668945
0.847168
0.000000
0.261230
0.715332
0.200195
0.810547
0.136719
0.095215
0.000000
0.014648
0.764160
0.847168
0.224609
0.087891
0.085449
0.541992
0.000000
0.441895
0.415039
0.739746
0.246582
0.187988
0.576172
0.092773
0.000000
0.410156
0.332031
0.539551
0.708008
0.671387
0.292969
0.000000
0.344238
0.449219
0.634766
0.449219
1.086426
0.056152
0.678711
0.000000
0.183105
1.262207
0.778809
0.239258
0.097656
0.253906
0.000000
0.283203
0.554199
0.080566
0.415039
0.373535
0.590820
0.346680
0.000000
0.112305
0.109863
0.024414
0.395508
0.288086
0.180664
0.000000
0.075684
0.156250
0.024414
0.551758
0.039062
0.041504
0.393066
0.000000
0.207520
0.275879
0.219727
0.131836
0.073242
0.407715
0.000000
0.000000
0.151367
0.144043
0.209961
0.202637
0.134277
0.170898
0.000000
0.002441
0.058594
0.495605
0.261230
0.163574
0.314941
0.000000
0.371094
0.297852
0.322266
0.251465
0.488281
0.358887
0.451660
0.000000
0.678711
0.454102
0.605469
0.146484
0.180664
0.104980
0.000000
0.522461
0.073242
0.056152
0.034180
0.400391
0.019531
0.317383
0.000000
0.097656
0.031738
0.803223
0.224609
0.278320
0.354004
0.246582
0.000000
0.119629
0.280762
0.439453
0.505371
0.168457
0.373535
0.000000
0.104980
0.388184
0.300293
0.168457
1.320801
0.407715
0.649414
0.000000
0.722656
0.146484
0.170898
0.446777
0.412598
0.209961
0.000000
0.288086
0.278320
0.214844
0.283203
0.107422
0.327148
0.136719
0.000000
0.495605
0.021973
0.187988
0.051270
0.051270
0.117188
0.000000
0.087891
0.036621
0.246582
0.146484
0.422363
0.576172
0.129395
0.000000
0.327148
0.078125
0.732422
0.324707
0.715332
0.090332
0.000000
0.520020
0.458984
0.646973
0.231934
0.297852
0.126953
0.173340
0.000000
0.112305
0.217285
0.258789
0.822754
0.500488
0.170898
0.000000
0.048828
0.102539
0.322266
0.551758
0.510254
0.126953
0.192871
0.000000
0.168457
0.407715
0.146484
0.270996
0.512695
0.480957
0.000000
0.229492
0.161133
0.375977
0.517578
0.061035
0.407715
0.283203
0.000000
0.422363
0.629883
0.102539
0.085449
0.249023
0.092773
0.100098
0.000000
0.112305
0.290527
0.236816
0.368652
0.439453
0.292969
0.000000
0.239258
1.064453
0.251465
0.051270
0.373535
0.617676
0.195312
0.000000
0.100098
0.444336
0.239258
0.161133
0.895996
0.192871
0.000000
0.661621
0.209961
0.131836
0.141602
0.446777
0.046387
0.405273
0.000000
0.627441
0.085449
0.119629
0.053711
0.068359
0.212402
0.000000
0.500488
0.256348
0.227051
0.827637
0.310059
0.427246
0.007324
0.000000
0.036621
0.197754
0.444336
0.437012
0.366211
0.581055
0.000000
0.029297
0.039062
0.349121
0.175781
0.454102
0.126953
0.395508
0.000000
0.708008
0.629883
0.012207
0.358887
0.581055
0.039062
0.000000
0.520020
0.004883
0.139160
0.053711
0.520020
0.046387
0.031738
0.000000
0.019531
0.002441
0.031738
0.102539
0.270996
0.024414
0.000000
0.637207
0.820312
0.197754
0.561523
0.366211
0.354004
0.773926
0.000000
1.264648
0.070801
0.302734
1.000977
0.795898
0.854492
0.783691
0.000000
0.305176
0.527344
0.766602
0.292969
0.468750
0.957031
0.000000
0.385742
0.368652
0.688477
0.112305
0.637207
1.186523
0.239258
0.000000
1.262207
0.786133
0.595703
0.305176
0.664062
0.014648
0.000000
0.463867
0.354004
0.217285
0.131836
0.744629
0.058594
0.102539
0.000000
0.075684
0.327148
0.930176
0.051270
0.551758
0.510254
0.000000
0.556641
0.097656
0.073242
0.161133
0.090332
0.148926
0.493164
0.000000
0.852051
0.803223
0.268555
0.859375
0.251465
0.002441
0.000000
0.170898
0.087891
0.573730
0.234375
0.283203
0.456543
0.693359
0.000000
0.668945
0.429688
0.383301
0.034180
0.317383
0.236816
0.000000
0.244141
0.185547
0.214844
0.043945
0.192871
0.056152
0.327148
0.000000
0.065918
0.524902
0.070801
0.231934
0.212402
0.673828
0.202637
0.000000
0.175781
0.317383
0.397949
0.766602
0.029297
0.119629
0.000000
0.046387
0.378418
0.437012
0.109863
0.124512
0.061035
0.126953
0.000000
0.217285
0.139160
0.561523
0.490723
0.400391
0.483398
0.000000
0.200195
0.100098
0.534668
0.129395
0.009766
1.059570
0.139160
0.000000
0.908203
0.302734
0.917969
0.373535
0.456543
0.234375
0.000000
0.102539
0.253906
0.061035
0.168457
0.375977
0.068359
0.461426
0.000000
0.256348
0.466309
0.024414
0.710449
0.197754
0.083008
0.000000
0.117188
0.190430
0.615234
0.119629
0.185547
0.251465
0.405273
0.000000
0.759277
0.146484
0.368652
0.275879
0.505371
0.383301
0.000000
0.288086
0.231934
0.363770
0.529785
0.659180
0.415039
0.002441
0.000000
0.075684
0.556641
0.698242
0.322266
0.122070
0.444336
0.705566
0.000000
0.156250
0.126953
0.122070
0.009766
1.132812
0.769043
0.000000
0.532227
0.278320
0.397949
0.136719
0.002441
0.036621
0.573730
0.000000
0.534668
0.317383
0.026855
0.161133
0.261230
0.771484
0.000000
0.627441
0.141602
0.268555
1.0498